Model                     T     L         Md        Rout      silicates  gs
outputs_000/output_0000  10472  6.66e+41  3.93e-03  1.23e+17  0.5        1.9244e+00
outputs_000/output_0001   6826  6.56e+41  2.92e-05  1.88e+17  1          8.5343e-03
outputs_000/output_0002   9873  5.58e+41  2.03e-02  8.89e+16  0.5        1.0541e-02
outputs_000/output_0003   4238  5.73e+41  8.24e-04  1.23e+17  0.5        2.1047e+00
outputs_000/output_0004   9135  8.51e+41  3.61e-05  9.87e+16  1          1.6352e+00
outputs_000/output_0005  13130  5.95e+41  1.29e-04  1.90e+17  1          5.6053e-02
outputs_000/output_0006   4840  3.42e+41  6.73e-02  1.49e+17  0          1.1075e-02
outputs_000/output_0007   9809  5.05e+40  1.94e-05  9.46e+16  1          1.6620e-02
outputs_000/output_0008  11710  9.30e+41  4.33e-03  9.90e+16  0.5        1.2731e+00
outputs_000/output_0009   6010  2.09e+41  1.68e-02  1.42e+17  1          3.2790e-02
outputs_000/output_0010   7153  7.62e+40  2.67e-02  1.25e+17  0          1.1890e+00
outputs_000/output_0011   8638  9.07e+41  6.05e-04  1.15e+17  1          2.8571e-01
outputs_000/output_0012   4750  2.66e+41  1.47e-02  1.70e+17  0          2.8995e+00
outputs_000/output_0013   8628  1.46e+41  6.80e-05  6.90e+16  1          5.8700e-01
outputs_000/output_0014   6344  1.37e+41  8.18e-04  1.68e+17  1          1.3310e+00
outputs_000/output_0015   8861  8.52e+41  1.06e-05  1.32e+17  1          3.7396e-01
outputs_000/output_0016   4228  7.39e+41  4.62e-04  1.11e+17  0.5        1.0360e-02
outputs_000/output_0017   4171  3.98e+41  1.36e-04  2.99e+16  0.5        2.8826e-01
outputs_000/output_0018  12449  7.01e+41  3.26e-02  1.25e+17  0.5        8.7522e-02
outputs_000/output_0019   4970  5.30e+41  7.88e-05  1.78e+17  0          1.0573e-02
outputs_000/output_0020  11161  7.20e+41  1.15e-02  7.27e+16  1          6.9832e-02
outputs_000/output_0021  13333  2.14e+41  6.04e-05  1.46e+17  0.5        8.0916e-03
outputs_000/output_0022  11835  9.56e+41  5.66e-02  1.87e+17  0          1.3708e-01
outputs_000/output_0023   6270  2.67e+41  8.09e-03  1.99e+17  0.5        4.4009e-01
outputs_000/output_0024   4952  3.44e+41  4.62e-05  1.55e+17  1          1.5343e-02
outputs_000/output_0025   8688  6.18e+41  1.54e-02  8.96e+16  0.5        1.3127e-01
outputs_000/output_0026  10953  4.32e+41  7.68e-02  1.65e+17  0          1.1209e-01
outputs_000/output_0027  12020  7.39e+41  5.63e-02  6.97e+16  1          3.0792e-01
outputs_000/output_0028   8809  1.78e+41  3.22e-02  1.31e+17  0          1.9688e-01
outputs_000/output_0029   5527  1.96e+41  6.16e-05  9.77e+16  0          6.6043e-03
outputs_000/output_0030  11361  9.19e+41  1.09e-04  9.62e+16  0          2.3086e-01
outputs_000/output_0031  13400  4.06e+41  1.11e-02  1.53e+16  0          4.2016e+00
outputs_000/output_0032  12804  5.97e+41  3.74e-04  1.95e+17  1          1.3470e-02
outputs_000/output_0033   4720  6.90e+41  2.91e-04  5.46e+16  0          4.9455e-02
outputs_000/output_0034  13992  9.22e+41  2.57e-03  1.99e+17  0.5        2.0653e-02
outputs_000/output_0035   8631  1.86e+41  8.91e-03  1.20e+17  0.5        6.1538e-02
outputs_000/output_0036   8121  2.41e+41  1.10e-05  7.80e+16  0          1.6947e-02
outputs_000/output_0037   8153  9.37e+41  1.92e-05  1.61e+17  0.5        5.0172e-02
outputs_000/output_0038   4606  9.49e+41  3.26e-05  5.58e+16  0          1.3369e-02
outputs_000/output_0039  12372  6.65e+41  2.18e-04  1.64e+17  1          2.5573e+00
outputs_000/output_0040   7175  1.53e+41  2.24e-04  1.99e+17  0          7.8578e-02
outputs_000/output_0041   5835  9.10e+41  9.42e-04  8.38e+16  0          1.7513e-01
outputs_000/output_0042   4874  2.30e+39  5.26e-02  1.10e+17  0          1.0835e+00
outputs_000/output_0043   9856  7.00e+40  1.48e-03  6.43e+16  1          2.3338e-02
outputs_000/output_0044   7554  5.12e+41  8.45e-02  1.53e+17  0.5        3.6070e+00
outputs_000/output_0045   6060  8.49e+41  1.01e-05  1.20e+17  0          5.9550e-03
outputs_000/output_0046  13906  3.38e+41  1.01e-03  1.19e+17  0.5        1.1513e-02
outputs_000/output_0047  13969  6.82e+41  6.79e-05  1.27e+17  0          7.2550e-02
outputs_000/output_0048  10314  5.27e+41  2.16e-02  3.91e+16  0.5        6.2082e-03
outputs_000/output_0049  11625  5.91e+41  1.41e-05  1.68e+17  1          2.8121e+00
outputs_000/output_0050   6345  6.41e+41  2.97e-05  9.50e+16  0          1.5598e-01
outputs_000/output_0051   8703  4.88e+41  1.65e-05  8.45e+16  0.5        6.5673e-03
outputs_000/output_0052  11758  9.89e+40  1.57e-02  9.14e+16  1          2.9761e+00
outputs_000/output_0053  10908  4.18e+41  6.86e-03  1.41e+17  0.5        9.5461e-01
outputs_000/output_0054   9062  5.47e+41  1.04e-03  8.45e+16  0.5        1.0866e-01
outputs_000/output_0055   5694  9.16e+41  8.55e-02  8.93e+16  1          5.0396e-01
outputs_000/output_0056   9642  5.70e+41  1.93e-05  7.56e+16  1          8.1088e-02
outputs_000/output_0057   9219  5.43e+41  8.07e-02  7.26e+16  0.5        5.6076e-03
outputs_000/output_0058   6054  8.83e+41  2.83e-04  6.79e+16  1          1.9119e-01
outputs_000/output_0059  10355  3.17e+41  1.33e-02  7.50e+16  1          5.8245e-03
outputs_000/output_0060  10118  5.55e+41  2.86e-04  1.98e+16  0          9.1709e-03
outputs_000/output_0061   9506  2.99e+41  2.73e-04  1.78e+16  1          3.2154e-02
outputs_000/output_0062  12909  9.60e+41  1.72e-05  1.65e+16  0          2.3392e+00
outputs_000/output_0063  12193  6.37e+41  1.48e-05  3.42e+16  0.5        1.0610e-02
outputs_000/output_0064   8352  7.13e+41  2.02e-05  1.98e+17  1          2.1880e+00
outputs_000/output_0065   9748  8.55e+41  1.89e-05  1.00e+17  0.5        7.5842e-01
outputs_000/output_0066  13429  8.81e+40  1.46e-02  1.38e+17  1          3.3109e-01
outputs_000/output_0067  11161  2.02e+41  1.00e-02  4.95e+16  1          7.8432e-03
outputs_000/output_0068   4846  2.31e+41  1.00e-05  1.86e+17  0.5        1.1530e-01
outputs_000/output_0069  11057  4.37e+41  4.79e-04  1.98e+17  0.5        1.5718e-01
outputs_000/output_0070  11433  6.32e+41  3.48e-02  1.10e+17  0.5        2.9559e-01
outputs_000/output_0071  12345  2.68e+41  1.41e-04  1.46e+17  0.5        4.2784e-02
outputs_000/output_0072  12889  3.89e+41  2.99e-02  1.54e+17  0.5        1.1158e-02
outputs_000/output_0073  12936  9.79e+41  7.58e-04  3.61e+16  0.5        9.0258e-03
outputs_000/output_0074  12815  2.17e+41  6.60e-05  2.57e+16  0          7.5923e-02
outputs_000/output_0075   4976  5.87e+41  6.73e-04  6.04e+16  0.5        3.6207e+00
outputs_000/output_0076  13485  5.43e+41  3.16e-03  2.13e+16  0.5        1.1186e-01
outputs_000/output_0077   8992  6.72e+41  2.12e-05  8.51e+16  1          7.3516e-03
outputs_000/output_0078   5783  1.33e+41  8.76e-04  1.24e+17  0          6.0662e-03
outputs_000/output_0079   5836  5.22e+41  4.04e-03  6.21e+16  1          4.0730e+00
outputs_000/output_0080   9805  2.98e+40  2.64e-03  2.21e+16  0.5        9.7379e-02
outputs_000/output_0081  10585  2.59e+41  3.93e-04  1.99e+17  0.5        3.1183e+00
outputs_000/output_0082   6207  6.51e+41  1.01e-05  1.63e+17  1          7.0596e-01
outputs_000/output_0083  11728  5.16e+41  1.67e-04  1.46e+17  0          5.4732e-01
outputs_000/output_0084  13610  9.14e+41  7.64e-03  6.45e+16  1          2.5778e+00
outputs_000/output_0085  10350  3.95e+41  4.01e-03  7.05e+16  1          3.1888e+00
outputs_000/output_0086   8256  8.89e+41  8.17e-02  1.40e+17  0          5.7684e-03
outputs_000/output_0087   9547  8.17e+41  2.68e-02  6.51e+16  0          5.5035e-01
outputs_000/output_0088  12006  4.83e+41  1.91e-02  1.83e+17  0.5        3.4853e-01
outputs_000/output_0089   4122  4.30e+41  2.31e-03  1.18e+17  1          3.3451e-01
outputs_000/output_0090   4469  3.10e+41  1.25e-05  1.22e+17  1          4.5704e+00
outputs_000/output_0091   7002  6.31e+41  1.97e-02  8.42e+16  0.5        2.8123e-02
outputs_000/output_0092   7995  5.03e+41  7.13e-02  7.63e+16  1          1.2986e-01
outputs_000/output_0093   7499  1.28e+41  3.64e-04  1.10e+17  0          2.5993e-01
outputs_000/output_0094   8187  3.66e+41  3.40e-03  2.51e+16  1          6.1711e-01
outputs_000/output_0095   9191  9.96e+41  1.08e-05  1.02e+17  0.5        1.5657e-01
outputs_000/output_0096   7358  7.48e+40  1.51e-03  3.73e+16  1          5.9881e-01
outputs_000/output_0097  10376  5.00e+41  1.65e-03  8.10e+16  0.5        2.8531e-01
outputs_000/output_0098   6000  8.87e+40  3.70e-02  6.17e+16  0.5        1.7462e-02
outputs_000/output_0099  11744  3.82e+41  6.22e-05  9.51e+16  1          8.8632e-02
outputs_000/output_0100  11800  7.52e+41  2.61e-05  7.06e+16  0.5        1.3708e-01
outputs_000/output_0101  12082  8.23e+40  4.26e-03  1.27e+17  0          1.3644e+00
outputs_000/output_0102   4292  7.17e+41  3.36e-04  2.89e+16  0.5        2.8833e-01
outputs_000/output_0103  12701  4.88e+41  2.27e-05  9.13e+16  1          2.9795e+00
outputs_000/output_0104  12987  5.65e+41  9.30e-05  8.81e+16  0.5        9.0130e-01
outputs_000/output_0105  11860  7.79e+41  1.18e-02  1.64e+17  1          8.7086e-01
outputs_000/output_0106   7796  9.38e+41  1.16e-04  1.18e+17  0.5        4.8684e-01
outputs_000/output_0107   5196  2.66e+40  8.07e-05  1.89e+17  0.5        9.6386e-01
outputs_000/output_0108   9123  1.87e+41  1.42e-03  1.39e+17  0.5        1.9230e-01
outputs_000/output_0109   6078  5.46e+41  5.71e-04  1.16e+17  0.5        3.6313e+00
outputs_000/output_0110   8062  3.59e+41  2.43e-04  9.97e+16  0          2.1246e+00
outputs_000/output_0111  11811  1.22e+41  2.84e-03  1.23e+17  1          9.2507e-02
outputs_000/output_0112  11758  7.98e+41  2.09e-04  1.42e+17  0.5        2.8236e-01
outputs_000/output_0113   5020  9.51e+41  2.42e-04  7.38e+16  0.5        9.4381e-03
outputs_000/output_0114  12303  2.33e+41  1.59e-05  1.35e+17  0.5        1.1487e-02
outputs_000/output_0115  10378  8.05e+41  2.79e-03  1.53e+17  0          8.1633e-01
outputs_000/output_0116   9855  9.67e+41  4.63e-05  9.58e+16  1          1.9086e-01
outputs_000/output_0117  13144  7.51e+41  9.03e-03  1.90e+17  0.5        9.2017e-01
outputs_000/output_0118  12702  6.50e+41  3.61e-05  4.87e+16  0.5        3.9661e+00
outputs_000/output_0119  12835  2.51e+41  4.15e-04  1.97e+17  1          6.1788e-01
outputs_000/output_0120   9275  7.98e+41  7.61e-02  1.40e+17  0.5        1.3231e-01
outputs_000/output_0121  11995  7.10e+41  1.85e-02  1.26e+17  0.5        8.8802e-03
outputs_000/output_0122   7665  3.73e+41  6.13e-02  1.86e+17  0.5        1.4014e-01
outputs_000/output_0123   7350  3.38e+39  1.68e-05  7.25e+16  0.5        1.8653e+00
outputs_000/output_0124   5867  3.89e+40  5.58e-02  8.33e+16  0          2.7880e-01
outputs_000/output_0125   8061  5.54e+41  4.92e-02  1.75e+17  1          2.7463e+00
outputs_000/output_0126   8924  6.95e+41  8.06e-04  7.34e+16  0          1.5994e-01
outputs_000/output_0127   4347  5.11e+41  2.36e-02  6.68e+16  1          3.4211e-01
outputs_000/output_0128   8905  6.84e+41  1.93e-04  5.55e+16  1          4.4205e-02
outputs_000/output_0129  12604  4.06e+40  1.32e-05  1.09e+16  0          4.2445e+00
outputs_000/output_0130  10068  3.56e+41  2.59e-02  5.60e+16  0          5.5577e-03
outputs_000/output_0131   9281  2.30e+41  1.20e-04  1.61e+17  0          2.1498e-01
outputs_000/output_0132  13718  8.08e+41  2.18e-05  1.10e+17  1          6.3962e-03
outputs_000/output_0133   5203  3.23e+40  2.13e-03  1.25e+17  0.5        2.4519e-02
outputs_000/output_0134  10763  7.12e+41  2.60e-03  1.74e+17  1          6.4995e-03
outputs_000/output_0135  12098  5.63e+41  6.98e-04  1.96e+17  0          4.1309e-01
outputs_000/output_0136   8868  7.55e+41  8.15e-04  4.18e+16  0          6.6727e-01
outputs_000/output_0137  10797  3.15e+41  8.33e-05  3.60e+16  1          5.8353e-03
outputs_000/output_0138  11049  8.92e+41  5.70e-05  5.11e+16  0          1.3552e-01
outputs_000/output_0139   4191  4.38e+41  9.50e-02  9.42e+16  0          3.5022e-01
outputs_000/output_0140   6437  7.45e+41  1.01e-05  1.64e+17  0          8.8050e-01
outputs_000/output_0141   8264  6.85e+41  2.84e-02  1.91e+17  0          9.5320e-01
outputs_000/output_0142   6667  6.80e+40  1.06e-02  1.10e+17  0          4.8559e-01
outputs_000/output_0143   7451  4.27e+41  3.38e-02  9.77e+16  1          1.8112e-01
outputs_000/output_0144   8377  1.97e+41  1.81e-02  3.58e+16  1          4.8650e+00
outputs_000/output_0145   6260  4.02e+41  6.07e-02  1.06e+17  0          3.8867e+00
outputs_000/output_0146   5841  8.71e+41  2.07e-05  1.35e+17  1          1.4434e-02
outputs_000/output_0147   9597  8.23e+41  5.34e-02  1.91e+16  1          1.3519e-01
outputs_000/output_0148   7993  1.07e+41  1.57e-03  9.84e+16  1          3.1563e-01
outputs_000/output_0149   4964  7.60e+40  3.95e-03  1.41e+17  1          7.6601e-03
outputs_000/output_0150   6421  7.60e+41  3.36e-02  8.18e+16  0.5        2.5780e+00
outputs_000/output_0151  11941  2.94e+40  4.48e-05  1.80e+17  0          4.3656e-02
outputs_000/output_0152  11222  7.17e+41  6.27e-04  1.51e+17  0.5        7.8214e-03
outputs_000/output_0153  12201  7.26e+41  3.67e-03  7.79e+16  0          3.1775e+00
outputs_000/output_0154   9940  2.20e+41  8.28e-05  1.51e+16  0          3.8385e-01
outputs_000/output_0155   8326  1.61e+41  6.68e-04  1.40e+17  1          4.0047e-01
outputs_000/output_0156   4047  5.65e+40  3.05e-03  1.56e+17  0          8.5128e-03
outputs_000/output_0157   6453  4.64e+41  1.43e-04  6.48e+16  0          3.7123e-01
outputs_000/output_0158  11931  8.00e+41  4.15e-02  3.89e+16  0          2.6855e+00
outputs_000/output_0159   8442  5.08e+41  9.40e-05  1.03e+17  1          9.5321e-02
outputs_000/output_0160  13608  8.60e+41  5.51e-04  4.60e+16  0.5        1.4752e+00
outputs_000/output_0161  10514  8.52e+41  2.32e-05  1.73e+17  0.5        4.3364e-02
outputs_000/output_0162   6002  7.06e+41  1.93e-02  1.76e+17  0          8.2832e-01
outputs_000/output_0163  10323  6.60e+40  2.08e-05  1.21e+17  0.5        5.8007e-03
outputs_000/output_0165  10451  4.76e+41  4.25e-03  1.75e+16  1          1.5820e-01
outputs_000/output_0166   9159  6.24e+41  4.08e-02  1.23e+17  0.5        2.4316e-01
outputs_000/output_0168   7227  9.19e+41  1.37e-04  4.50e+16  1          3.0217e-01
outputs_000/output_0169  12247  9.39e+41  3.50e-02  9.43e+16  1          2.3151e-01
outputs_000/output_0170  13472  9.47e+41  3.28e-05  1.80e+17  1          9.5499e-03
outputs_000/output_0171   7612  8.35e+40  5.98e-04  1.11e+17  1          1.4770e+00
outputs_000/output_0172   5681  9.26e+41  5.27e-03  1.70e+17  0          5.4608e-03
outputs_000/output_0173   8748  5.22e+41  1.07e-03  1.79e+17  0.5        1.3017e-02
outputs_000/output_0174   8109  5.96e+41  4.73e-02  4.94e+16  1          8.9284e-02
outputs_000/output_0175   5650  9.24e+41  4.11e-02  1.21e+17  0.5        2.3887e+00
outputs_000/output_0176   5435  1.98e+41  3.90e-04  8.60e+16  1          1.1966e-02
outputs_000/output_0177  10958  5.40e+40  1.20e-03  1.93e+17  1          5.7483e-02
outputs_000/output_0178  12485  7.10e+41  7.62e-03  1.47e+16  1          6.4229e-02
outputs_000/output_0179   8515  4.40e+41  2.23e-04  5.64e+16  1          9.4452e-01
outputs_000/output_0180   6771  4.88e+41  1.35e-02  7.76e+16  0.5        2.7706e-02
outputs_000/output_0181   9720  8.18e+40  8.79e-02  1.02e+17  0          1.7249e-01
outputs_000/output_0183   5468  9.45e+40  3.39e-02  1.90e+17  0          1.5905e+00
outputs_000/output_0184  10016  8.04e+41  1.66e-03  2.11e+16  0.5        8.9134e-02
outputs_000/output_0185   9542  9.68e+41  2.85e-02  1.89e+17  0.5        4.1837e-02
outputs_000/output_0186   9268  8.46e+41  3.17e-05  1.03e+17  0          1.8414e+00
outputs_000/output_0187  12833  1.39e+41  1.11e-02  8.90e+16  0.5        1.1138e-01
outputs_000/output_0188   7533  9.26e+41  1.08e-05  2.15e+16  0.5        3.4060e-01
outputs_000/output_0189   6285  9.00e+40  1.76e-03  7.21e+16  0          1.8681e-02
outputs_000/output_0190  13888  9.09e+41  7.89e-04  2.71e+16  0.5        1.3172e-02
outputs_000/output_0191   5165  3.35e+41  5.06e-04  1.19e+17  1          1.4611e-01
outputs_000/output_0192  13267  7.58e+41  1.59e-02  1.59e+17  0          4.9885e+00
outputs_000/output_0193   9334  2.25e+41  2.41e-03  3.68e+16  1          1.7484e-01
outputs_000/output_0194   9988  4.11e+41  2.68e-03  7.14e+16  0.5        3.1452e+00
outputs_000/output_0195   9093  8.79e+41  5.40e-04  8.03e+16  0          1.8587e+00
outputs_000/output_0196   4503  6.10e+41  6.22e-03  5.19e+16  0          3.0324e+00
outputs_000/output_0197  13745  4.96e+41  9.79e-02  1.31e+17  1          1.2270e-01
outputs_000/output_0198   5557  6.86e+40  6.31e-03  8.46e+16  1          1.7756e-02
outputs_000/output_0199  12572  5.75e+41  2.14e-04  1.37e+17  1          7.4327e-01
outputs_000/output_0200   4127  9.70e+41  3.16e-02  6.72e+16  0.5        7.1468e-01
outputs_000/output_0201  10947  4.11e+41  6.53e-04  1.74e+17  0          1.1132e-01
outputs_000/output_0202   4521  1.38e+41  9.07e-05  8.14e+16  0          7.1697e-03
outputs_000/output_0203   8914  9.28e+41  6.73e-04  3.23e+16  1          2.9978e-01
outputs_000/output_0204   6864  8.92e+41  3.77e-05  1.38e+17  0.5        1.8926e+00
outputs_000/output_0205  10111  8.65e+41  1.57e-02  9.15e+16  1          7.7461e-01
outputs_000/output_0206   6432  6.11e+41  1.71e-02  1.21e+17  1          1.2661e-01
outputs_000/output_0207  10815  3.47e+41  1.32e-05  7.97e+16  1          1.0553e-02
outputs_000/output_0208   6642  6.08e+41  3.09e-05  1.12e+16  1          3.3887e-02
outputs_000/output_0209   5272  9.07e+41  4.48e-04  1.92e+17  1          1.0867e+00
outputs_000/output_0210   8736  6.61e+41  2.83e-02  1.98e+17  1          2.3017e-02
outputs_000/output_0211  13517  8.82e+41  1.57e-05  1.76e+17  1          4.4667e-02
outputs_000/output_0212   5112  9.95e+41  2.34e-05  1.81e+17  0.5        3.4406e+00
outputs_000/output_0213   4459  6.02e+41  4.69e-05  1.66e+17  0          4.8396e-01
outputs_000/output_0214   9071  7.16e+41  4.07e-05  1.54e+17  0.5        1.9672e+00
outputs_000/output_0215   9247  8.61e+40  3.75e-04  1.03e+17  0          1.9690e+00
outputs_000/output_0216  12715  3.07e+41  3.22e-02  1.92e+17  1          4.2570e+00
outputs_000/output_0217   8002  8.56e+41  9.22e-03  1.65e+17  1          5.3769e-03
outputs_000/output_0218  10701  2.86e+41  1.11e-05  4.03e+16  0.5        4.2219e-02
outputs_000/output_0219   4067  4.82e+41  8.36e-04  1.20e+17  0          2.5971e+00
outputs_000/output_0220   8703  8.83e+41  9.47e-04  1.74e+17  0.5        6.4517e-02
outputs_000/output_0221   4870  7.49e+41  1.69e-04  1.37e+17  0          1.4412e-02
outputs_000/output_0222  11215  8.82e+41  1.14e-02  1.48e+17  0          2.7905e-02
outputs_000/output_0223   8948  3.42e+41  2.07e-02  1.33e+17  0.5        1.9876e-02
outputs_000/output_0224   5404  4.23e+41  3.91e-04  1.93e+17  0          3.5182e-02
outputs_000/output_0225  10801  9.58e+41  2.90e-05  3.99e+16  0.5        4.0182e-01
outputs_000/output_0226   8413  7.23e+41  4.70e-03  1.82e+17  1          4.3635e-02
outputs_000/output_0227   6855  6.22e+40  1.81e-04  6.06e+16  1          9.9633e-03
outputs_000/output_0228   5959  2.82e+41  6.57e-05  1.95e+17  0          2.2540e+00
outputs_000/output_0229   4648  1.45e+40  5.61e-03  1.88e+17  0.5        1.5002e-02
outputs_000/output_0230   4113  5.59e+41  1.06e-05  4.08e+16  0.5        8.4914e-01
outputs_000/output_0231   8396  2.33e+41  6.62e-02  8.59e+16  0          7.7963e-03
outputs_000/output_0232   7731  4.33e+41  1.85e-03  1.47e+17  1          9.6574e-03
outputs_000/output_0233   9628  9.68e+41  2.14e-05  6.58e+16  1          3.5085e-01
outputs_000/output_0234  10248  2.02e+41  3.48e-04  1.10e+17  0.5        6.2168e-01
outputs_000/output_0235   8212  2.63e+41  5.84e-03  1.21e+17  1          1.8412e-02
outputs_000/output_0236   8072  4.15e+41  6.25e-02  8.32e+16  0.5        1.3470e-02
outputs_000/output_0237   5638  8.72e+40  3.69e-04  5.17e+16  0          6.5057e-01
outputs_000/output_0238   9283  6.10e+41  2.04e-02  8.17e+16  1          6.1658e-01
outputs_000/output_0239  13502  8.71e+41  2.96e-02  1.57e+17  1          6.1550e-01
outputs_000/output_0240  13963  2.18e+41  1.21e-02  1.41e+17  0          2.6657e+00
outputs_000/output_0241   9087  8.00e+41  4.29e-05  1.36e+17  0.5        6.1792e-03
outputs_000/output_0242   7284  7.68e+41  1.90e-02  5.49e+16  0.5        4.3418e-01
outputs_000/output_0243  12285  4.91e+41  2.59e-04  9.43e+16  0          1.0388e+00
outputs_000/output_0244   8775  6.64e+41  7.90e-03  1.74e+17  0.5        1.4990e+00
outputs_000/output_0245  10875  9.80e+41  8.90e-05  8.79e+16  0          4.4328e-01
outputs_000/output_0246   4797  2.25e+40  1.84e-05  1.28e+17  0.5        4.8518e+00
outputs_000/output_0248   9461  9.01e+41  2.54e-04  3.64e+16  0.5        1.5390e+00
outputs_000/output_0249  12400  1.66e+41  1.46e-05  9.62e+16  1          1.3633e+00
outputs_000/output_0250   6094  2.70e+41  2.29e-05  4.01e+16  0          4.1304e+00
outputs_000/output_0251   6629  7.76e+41  3.10e-02  1.16e+17  0          8.7184e-01
outputs_000/output_0252  11680  4.14e+41  6.88e-04  1.56e+17  0          3.5857e+00
outputs_000/output_0253  10132  3.82e+41  3.62e-04  3.96e+16  0.5        8.1498e-02
outputs_000/output_0254  11674  5.53e+41  3.25e-02  5.14e+16  0          1.5918e+00
outputs_000/output_0255   5275  5.86e+40  5.41e-03  1.97e+17  1          9.9384e-01
outputs_000/output_0256  13274  2.38e+41  7.22e-05  1.83e+17  0          7.8592e-01
outputs_000/output_0257   7300  1.03e+41  2.15e-02  1.36e+17  1          2.4849e-01
outputs_000/output_0258  12159  7.12e+41  9.65e-04  1.39e+17  0.5        8.7721e-03
outputs_000/output_0259   8080  4.17e+41  1.76e-02  8.24e+16  1          1.0210e-02
outputs_000/output_0260   5352  9.52e+41  8.11e-04  8.84e+16  1          5.1315e-03
outputs_000/output_0261   6862  6.46e+41  2.05e-03  1.69e+17  0          5.3697e-03
outputs_000/output_0262   4145  4.09e+41  3.92e-03  1.42e+17  1          6.6779e-01
outputs_000/output_0264  11117  2.38e+41  7.81e-05  1.04e+17  1          9.7429e-03
outputs_000/output_0265   6050  1.34e+41  1.04e-03  7.31e+16  0          2.4820e-02
outputs_000/output_0266   5349  3.98e+41  5.52e-04  1.36e+17  0          6.1827e-01
outputs_000/output_0267   4108  7.78e+41  2.05e-04  1.59e+16  1          6.6234e-01
outputs_000/output_0268   5039  8.63e+41  1.78e-04  8.13e+16  0          1.9640e-01
outputs_000/output_0269   5509  8.42e+41  1.46e-05  1.62e+17  0.5        2.4788e-02
outputs_000/output_0270  12824  6.80e+41  2.10e-03  8.63e+16  0          1.4714e-01
outputs_000/output_0271  13592  1.05e+41  4.17e-05  3.59e+16  0.5        6.5975e-01
outputs_000/output_0272   8707  2.21e+41  8.81e-03  1.41e+17  1          3.1484e+00
outputs_000/output_0273  12277  8.26e+41  2.27e-02  1.59e+17  0.5        1.2137e+00
outputs_000/output_0274  13935  9.81e+41  9.41e-02  1.53e+17  0.5        1.4179e+00
outputs_000/output_0275   8288  9.45e+41  3.72e-04  1.57e+17  0          1.5856e-02
outputs_000/output_0276   4303  1.93e+41  3.76e-03  1.78e+17  1          9.5964e-02
outputs_000/output_0277   9089  3.78e+41  1.55e-03  1.93e+17  1          1.8328e+00
outputs_000/output_0278   5110  8.03e+41  1.69e-04  9.42e+16  1          1.3777e+00
outputs_000/output_0279   5763  1.30e+41  8.76e-02  1.64e+17  0          3.7033e-02
outputs_000/output_0280   6631  7.16e+41  4.51e-05  8.93e+16  0.5        9.5745e-02
outputs_000/output_0281  10236  5.53e+41  1.58e-05  1.93e+17  0          5.6673e-01
outputs_000/output_0282  11272  2.43e+41  1.14e-05  6.34e+16  0.5        2.1975e+00
outputs_000/output_0283   8847  9.11e+41  7.52e-03  1.67e+17  0          1.4079e-02
outputs_000/output_0284  12815  5.67e+41  2.76e-04  6.36e+16  0          2.5586e-02
outputs_000/output_0285   8801  4.62e+41  6.16e-04  8.01e+16  0.5        2.9144e+00
outputs_000/output_0286   8254  8.80e+41  5.26e-03  8.92e+16  0          1.1450e+00
outputs_000/output_0287   8340  1.48e+41  8.79e-04  4.27e+16  1          1.7747e-01
outputs_000/output_0288   4279  9.39e+41  1.21e-03  1.15e+17  0          4.2702e+00
outputs_000/output_0289  10040  9.57e+40  4.18e-04  4.83e+16  0.5        7.5302e-03
outputs_000/output_0290  11691  8.03e+41  2.23e-05  5.35e+16  0.5        5.1034e-01
outputs_000/output_0291   7755  2.30e+41  4.84e-02  1.83e+17  0.5        5.6789e-02
outputs_000/output_0292  10949  1.87e+41  8.60e-03  1.34e+17  0          2.0162e-02
outputs_000/output_0293   5374  8.00e+40  1.98e-05  1.30e+17  1          1.2864e-02
outputs_000/output_0294   8302  6.38e+41  1.02e-03  1.53e+17  0          1.1479e+00
outputs_000/output_0295   7778  6.00e+41  2.47e-04  1.82e+17  0.5        8.4322e-03
outputs_000/output_0296   9459  6.39e+39  8.24e-03  2.63e+16  0          3.1241e-01
outputs_000/output_0297  11841  6.10e+41  2.11e-05  3.65e+16  0          1.1879e-02
outputs_000/output_0298   9295  8.25e+41  6.63e-02  1.04e+17  1          2.5940e+00
outputs_000/output_0299   5845  7.08e+40  8.43e-04  5.16e+16  0.5        2.9353e+00
outputs_000/output_0300   5560  8.79e+41  7.80e-02  9.17e+16  0.5        8.5673e-01
outputs_000/output_0301   9224  2.40e+41  9.12e-03  6.21e+16  0.5        1.1485e-01
outputs_000/output_0302   8506  8.96e+41  2.20e-05  1.20e+17  0          1.3389e-02
outputs_000/output_0303  12694  1.25e+41  3.77e-05  1.20e+17  0.5        3.9711e+00
outputs_000/output_0304  13878  1.47e+40  3.04e-02  1.15e+17  1          5.7016e-03
outputs_000/output_0305   8347  3.35e+41  7.88e-02  2.14e+16  1          3.9507e-02
outputs_000/output_0306   7953  8.64e+41  4.87e-02  1.75e+17  0.5        1.9594e-01
outputs_000/output_0307  13041  3.16e+41  3.09e-04  1.33e+17  1          2.1569e-02
outputs_000/output_0308  10862  5.74e+41  6.86e-05  1.87e+16  0.5        1.2633e-02
outputs_000/output_0309  11176  9.55e+41  4.03e-05  1.43e+17  1          1.8962e-02
outputs_000/output_0310   8422  7.45e+41  2.34e-04  1.80e+16  1          2.8598e-01
outputs_000/output_0311  10572  4.16e+41  2.47e-02  9.06e+16  0          1.1040e-01
outputs_000/output_0312   5592  7.02e+41  1.48e-03  1.23e+17  1          4.4895e-02
outputs_000/output_0313   4968  1.52e+41  2.09e-04  1.46e+17  1          1.2994e-01
outputs_000/output_0314   6195  6.89e+41  1.56e-04  3.34e+16  0          7.6348e-01
outputs_000/output_0315   9166  3.77e+40  2.38e-02  1.99e+17  1          2.6958e-01
outputs_000/output_0316   4362  7.40e+41  1.11e-03  1.37e+17  1          1.6643e-01
outputs_000/output_0317   5325  4.88e+41  5.55e-03  7.77e+16  1          6.5361e-03
outputs_000/output_0318   9398  6.27e+41  4.77e-03  1.93e+16  0.5        1.0152e+00
outputs_000/output_0319   5490  5.53e+40  1.76e-02  1.76e+17  0          7.4880e-03
outputs_000/output_0320  13776  3.09e+41  1.34e-02  7.58e+16  1          1.7516e-02
outputs_000/output_0321   9094  1.37e+41  2.22e-05  1.70e+17  0.5        7.8610e-03
outputs_000/output_0322   4961  7.15e+41  2.44e-04  5.54e+16  0          1.8448e+00
outputs_000/output_0323  13332  6.78e+41  7.91e-04  1.23e+17  1          5.7588e-02
outputs_000/output_0324   4197  8.19e+41  6.55e-02  1.73e+17  0          2.7786e+00
outputs_000/output_0325  13783  8.98e+41  6.93e-02  3.74e+16  0.5        5.6992e-02
outputs_000/output_0326  12278  2.31e+41  4.44e-03  5.38e+16  0          5.7245e-03
outputs_000/output_0327   8081  8.45e+40  6.67e-04  1.90e+17  0.5        2.0726e-01
outputs_000/output_0328   7626  7.13e+41  2.71e-03  1.20e+17  1          9.3293e-02
outputs_000/output_0329   7162  5.19e+41  6.12e-05  1.13e+17  1          4.6969e-02
outputs_000/output_0330  10340  9.17e+41  1.76e-05  3.48e+16  1          7.3004e-01
outputs_000/output_0331   4003  4.24e+41  1.92e-03  1.19e+17  1          1.0389e-02
outputs_000/output_0332   9994  3.75e+41  1.43e-03  4.44e+16  0          1.8467e+00
outputs_000/output_0333   7925  2.38e+41  2.28e-05  8.39e+16  0          3.7970e-01
outputs_000/output_0334   6153  2.84e+41  1.45e-04  1.43e+17  0          2.2560e+00
outputs_000/output_0335  12340  6.30e+41  1.28e-02  1.46e+17  1          2.0592e-02
outputs_000/output_0336   7312  9.00e+41  2.34e-04  1.41e+17  1          1.2951e+00
outputs_000/output_0337   6776  2.99e+41  7.02e-03  5.95e+16  0          4.5042e+00
outputs_000/output_0338   9426  8.09e+41  2.10e-03  1.36e+17  0          1.8518e+00
outputs_000/output_0339  11862  5.45e+41  1.94e-05  3.29e+16  0          1.6803e-01
outputs_000/output_0340   8059  9.52e+41  6.03e-05  1.22e+17  1          7.9033e-03
outputs_000/output_0341  13227  8.60e+41  1.94e-04  1.11e+17  0.5        2.1846e-02
outputs_000/output_0342   5891  2.61e+41  3.99e-02  5.67e+16  0          2.1550e-01
outputs_000/output_0343  12984  5.61e+41  4.14e-04  7.22e+16  1          6.8369e-03
outputs_000/output_0344   4483  9.65e+41  2.36e-02  4.93e+16  0          4.9422e+00
outputs_000/output_0345   6785  5.46e+41  1.59e-04  1.47e+17  0          3.6373e-02
outputs_000/output_0346   4859  9.61e+41  3.53e-04  3.86e+16  0.5        1.4632e-01
outputs_000/output_0347  10386  5.06e+41  1.64e-02  1.89e+17  1          4.8046e-01
outputs_000/output_0348  13129  7.12e+41  1.46e-04  1.53e+17  1          3.7367e-01
outputs_000/output_0349   6272  5.82e+41  6.85e-05  3.98e+16  1          1.1517e+00
outputs_000/output_0350   7074  7.08e+41  1.17e-03  6.12e+16  0.5        4.9386e+00
outputs_000/output_0351   8785  8.58e+41  1.83e-02  2.16e+16  1          4.7242e-02
outputs_000/output_0352  11520  5.94e+41  6.83e-04  1.78e+17  0.5        1.4971e-01
outputs_000/output_0353  13095  7.08e+41  1.49e-02  1.66e+17  0          1.1947e-01
outputs_000/output_0354  10396  3.00e+41  2.04e-04  1.42e+17  0.5        4.7862e-01
outputs_000/output_0355  13316  9.95e+41  1.48e-04  1.51e+17  0.5        2.8279e-01
outputs_000/output_0357  11697  1.55e+41  2.04e-04  1.25e+17  1          1.0072e-02
outputs_000/output_0358  11665  5.68e+41  7.33e-04  5.83e+16  0          2.8492e-01
outputs_000/output_0359  11104  9.53e+41  9.85e-02  1.04e+17  0.5        3.0114e-01
outputs_000/output_0360   5758  9.93e+41  5.20e-02  1.20e+17  0.5        2.1420e-02
outputs_000/output_0363   4913  6.70e+41  1.33e-03  1.66e+17  1          6.0224e-01
outputs_000/output_0364  10092  4.42e+41  1.96e-02  7.49e+16  0          1.1602e-02
outputs_000/output_0365  12722  3.19e+41  4.92e-03  1.45e+17  0          3.8238e+00
outputs_000/output_0366   9037  1.38e+41  1.45e-05  1.50e+17  1          4.4545e+00
outputs_000/output_0367  12662  9.80e+40  5.28e-04  1.28e+17  0          2.1540e+00
outputs_000/output_0368   7320  7.13e+41  4.51e-02  1.53e+17  1          5.1347e-02
outputs_000/output_0369   5985  9.45e+41  1.72e-05  8.46e+16  0          1.1362e-01
outputs_000/output_0370  11902  5.37e+40  5.45e-03  1.44e+17  0.5        2.2821e+00
outputs_000/output_0371   8264  5.82e+40  2.32e-04  8.25e+16  1          6.4079e-03
outputs_000/output_0372  13990  7.95e+41  1.02e-03  1.94e+17  0          1.3365e+00
outputs_000/output_0373  10492  7.96e+41  3.32e-04  1.71e+17  1          6.8482e-02
outputs_000/output_0374   6501  4.90e+41  2.78e-02  1.03e+17  0          9.6297e-02
outputs_000/output_0375  11477  2.13e+41  7.34e-04  1.02e+17  1          6.6892e-02
outputs_000/output_0376   6364  5.75e+41  2.48e-05  8.80e+16  1          4.0967e+00
outputs_000/output_0377  13765  1.10e+41  1.96e-03  1.72e+17  0          8.0993e-01
outputs_000/output_0378  11435  2.03e+41  5.23e-02  8.99e+16  1          1.7450e-01
outputs_000/output_0379   6237  3.16e+41  4.06e-04  2.19e+16  0          2.2419e-01
outputs_000/output_0381  13062  2.08e+40  2.86e-05  6.59e+16  0.5        8.9979e-01
outputs_000/output_0382   8731  6.19e+41  2.83e-04  1.07e+17  0          9.7703e-03
outputs_000/output_0383   4748  2.98e+41  5.34e-04  8.47e+16  0.5        2.9268e+00
outputs_000/output_0384   4873  6.96e+41  3.03e-02  1.25e+17  0          1.8751e-02
outputs_000/output_0386   8144  8.44e+41  4.46e-03  1.21e+17  0          1.3587e-02
outputs_000/output_0387   8593  2.36e+41  7.09e-04  1.85e+17  1          4.4528e+00
outputs_000/output_0388   8679  4.27e+41  4.72e-02  1.80e+17  1          4.2229e-02
outputs_000/output_0389   9574  9.65e+41  1.89e-05  6.42e+16  0          2.0377e+00
outputs_000/output_0390   9683  3.51e+41  9.09e-04  2.90e+16  1          2.3173e-02
outputs_000/output_0391   6445  3.22e+40  7.27e-03  1.77e+17  0.5        1.2751e+00
outputs_000/output_0392   7563  9.37e+41  1.23e-05  1.26e+17  0.5        3.2976e-02
outputs_000/output_0393  12001  6.25e+41  7.10e-04  8.43e+16  0.5        2.7142e+00
outputs_000/output_0394  10388  1.07e+41  3.29e-02  9.26e+16  0.5        4.6798e+00
outputs_000/output_0395   5933  4.62e+41  3.02e-03  3.35e+16  1          4.5077e-02
outputs_000/output_0396   8017  3.69e+41  6.65e-02  6.13e+16  0.5        2.4669e-02
outputs_000/output_0397  13757  5.22e+41  1.76e-03  1.59e+17  0          6.9382e-03
outputs_000/output_0398   8579  1.31e+41  9.60e-04  1.38e+17  1          1.8368e+00
outputs_000/output_0399  10818  1.13e+41  6.63e-02  1.43e+17  0          6.9434e-03
outputs_000/output_0401  13762  5.31e+41  2.64e-05  1.38e+17  0          6.1759e-01
outputs_000/output_0402   8043  1.67e+41  1.26e-05  9.17e+16  0.5        3.7190e+00
outputs_000/output_0403   9734  6.64e+40  2.57e-02  5.36e+16  0          3.7926e-02
outputs_000/output_0404  13744  4.20e+41  4.32e-02  2.54e+16  1          2.5401e-02
outputs_000/output_0405   8831  8.44e+41  1.09e-04  7.84e+16  1          2.6679e-01
outputs_000/output_0406   7273  1.09e+41  4.05e-05  8.04e+16  0.5        2.4335e+00
outputs_000/output_0407   9839  4.45e+41  3.93e-04  1.44e+17  0.5        9.7357e-02
outputs_000/output_0408   5457  5.56e+41  4.20e-05  1.11e+17  0.5        6.4394e-01
outputs_000/output_0409   8039  1.29e+41  3.11e-02  8.84e+16  0          3.7686e+00
outputs_000/output_0410   9360  5.93e+41  8.43e-02  1.42e+17  0          1.9037e+00
outputs_000/output_0411  13860  5.70e+41  6.62e-03  9.66e+16  1          1.9746e+00
outputs_000/output_0412  10982  9.39e+41  4.84e-05  1.68e+17  0          1.1294e-01
outputs_000/output_0413  10129  7.39e+41  3.59e-05  1.47e+17  0.5        1.9646e+00
outputs_000/output_0414   9529  8.56e+41  2.41e-02  7.05e+16  1          4.8083e-01
outputs_000/output_0415   9570  2.51e+41  8.50e-03  1.38e+17  0.5        2.8223e-02
outputs_000/output_0416  10846  4.69e+41  3.26e-02  1.81e+17  0.5        5.6607e-03
outputs_000/output_0417  11997  3.92e+41  9.59e-05  5.16e+16  1          3.1400e-02
outputs_000/output_0418   6755  7.78e+41  8.42e-03  9.72e+16  0.5        6.3717e-03
outputs_000/output_0419   4873  5.78e+41  1.93e-02  8.68e+16  0.5        1.6698e-01
outputs_000/output_0420   8523  8.73e+41  1.27e-03  1.11e+17  0          1.9516e-01
outputs_000/output_0421  10954  2.55e+41  1.37e-04  1.95e+17  0          6.7720e-01
outputs_000/output_0422  13252  8.04e+41  4.35e-03  1.77e+17  1          9.8178e-02
outputs_000/output_0423  12649  5.60e+41  6.60e-02  1.84e+17  0          2.2548e+00
outputs_000/output_0424  13393  5.49e+41  5.12e-04  1.47e+16  0          3.8284e+00
outputs_000/output_0425  12823  5.16e+41  1.28e-03  3.85e+16  0.5        2.8494e-02
outputs_000/output_0426   7634  8.83e+41  1.40e-02  1.46e+17  0.5        5.8357e-02
outputs_000/output_0427  10114  4.70e+40  4.62e-02  3.20e+16  0          1.9656e-02
outputs_000/output_0428  13039  5.50e+41  1.45e-04  1.25e+17  1          1.5347e-01
outputs_000/output_0429  12688  3.11e+41  6.03e-04  2.43e+16  1          3.9818e-02
outputs_000/output_0430   5212  1.70e+41  1.22e-03  6.63e+16  1          1.0022e-02
outputs_000/output_0431   8750  9.16e+41  1.58e-02  3.52e+16  0          8.7652e-03
outputs_000/output_0432  10773  5.13e+41  3.50e-05  7.08e+16  0.5        4.0762e+00
outputs_000/output_0433   8755  5.75e+41  7.88e-03  1.24e+17  0.5        1.9702e-02
outputs_000/output_0434   8569  3.20e+41  4.08e-05  1.07e+17  1          1.7945e-01
outputs_000/output_0435  13352  3.83e+41  1.77e-04  1.76e+17  0          1.1982e-02
outputs_000/output_0436  12977  3.04e+41  6.50e-03  1.26e+17  0.5        3.1624e-02
outputs_000/output_0437   9191  3.83e+41  5.99e-05  8.20e+16  0          3.5889e-02
outputs_000/output_0438   6025  9.55e+40  1.09e-02  1.88e+17  0          7.8747e-01
outputs_000/output_0439  10967  1.59e+41  2.01e-03  1.64e+17  0          7.2783e-01
outputs_000/output_0440  11247  5.15e+41  2.66e-05  1.53e+17  1          1.7154e-01
outputs_000/output_0441   7912  1.99e+41  1.31e-02  1.22e+17  1          9.0587e-03
outputs_000/output_0442   8536  6.97e+41  7.49e-04  1.14e+17  0.5        3.7148e-02
outputs_000/output_0443   6416  9.79e+41  3.28e-03  2.69e+16  0          4.0569e-01
outputs_000/output_0444  13772  6.16e+41  7.27e-03  9.24e+16  0          7.9422e-03
outputs_000/output_0445   9626  3.31e+41  1.42e-03  1.08e+17  0.5        7.6110e-03
outputs_000/output_0446   4963  7.32e+41  1.18e-04  5.12e+16  0.5        8.1255e-02
outputs_000/output_0447   5242  1.17e+41  1.75e-02  1.00e+17  0.5        4.8622e-01
outputs_000/output_0448  11482  7.14e+41  1.43e-04  9.90e+16  0          1.1987e-02
outputs_000/output_0449  10442  7.46e+41  3.28e-05  1.44e+16  0          6.9003e-03
outputs_000/output_0450   4767  8.01e+41  2.60e-05  8.49e+16  1          9.9036e-01
outputs_000/output_0451   8437  6.14e+40  4.31e-04  1.05e+17  1          2.1632e-02
outputs_000/output_0452   7251  7.03e+41  2.61e-02  1.25e+17  0.5        1.9043e-02
outputs_000/output_0454   4218  6.96e+41  9.53e-02  1.63e+17  1          3.4798e-01
outputs_000/output_0455  12285  1.28e+41  6.97e-03  3.47e+16  0.5        1.5216e+00
outputs_000/output_0456   6205  8.16e+41  1.16e-02  7.56e+16  0.5        2.0296e+00
outputs_000/output_0457  11212  9.01e+41  2.71e-05  4.71e+16  1          6.5593e-03
outputs_000/output_0458   8695  3.83e+41  2.01e-03  1.05e+17  1          2.7614e-02
outputs_000/output_0459   7960  8.79e+41  2.52e-05  5.74e+16  1          3.5914e+00
outputs_000/output_0460  11392  1.73e+41  1.49e-04  8.60e+16  0.5        3.1423e-02
outputs_000/output_0461   6167  7.12e+41  1.10e-03  7.59e+16  0.5        6.8696e-03
outputs_000/output_0462   6626  4.96e+41  6.32e-03  1.59e+17  1          1.4622e+00
outputs_000/output_0463   6544  4.12e+41  1.69e-05  9.70e+16  0.5        1.4433e-02
outputs_000/output_0464   6798  1.51e+41  1.17e-05  1.01e+17  0.5        6.2851e-03
outputs_000/output_0465   9297  7.07e+41  6.29e-04  7.69e+16  0          2.5253e-02
outputs_000/output_0466   8491  5.11e+41  9.04e-03  2.81e+16  0.5        9.8911e-02
outputs_000/output_0468   4075  6.27e+41  4.96e-02  1.14e+17  0.5        2.3048e+00
outputs_000/output_0470  13664  3.69e+41  1.47e-04  1.56e+17  0.5        5.3512e-03
outputs_000/output_0471  13832  3.60e+41  2.15e-04  5.57e+16  0.5        1.5770e-01
outputs_000/output_0472   7267  5.48e+41  6.54e-04  7.70e+16  1          1.4940e+00
outputs_000/output_0473   4791  5.98e+41  4.34e-03  5.68e+16  1          3.7187e-01
outputs_000/output_0474  12096  8.08e+40  1.75e-03  1.82e+17  1          5.0675e-01
outputs_000/output_0475   5769  6.62e+41  7.05e-03  8.06e+16  1          1.0345e+00
outputs_000/output_0476  11349  7.46e+39  8.70e-02  1.20e+17  1          3.8748e+00
outputs_000/output_0477   4490  4.07e+41  5.13e-04  5.47e+16  0.5        1.5424e+00
outputs_000/output_0478  12201  4.67e+41  1.53e-04  2.39e+16  1          7.5257e-02
outputs_000/output_0479  12597  8.30e+41  2.97e-05  1.79e+17  1          1.3606e-01
outputs_000/output_0480   7416  3.19e+41  1.38e-02  1.02e+17  1          5.2218e-02
outputs_000/output_0481   4743  6.57e+41  2.89e-02  5.03e+16  1          1.0632e-02
outputs_000/output_0482   5128  1.68e+41  2.91e-05  1.16e+16  0.5        1.9089e+00
outputs_000/output_0483  13216  6.43e+41  1.44e-04  7.69e+16  1          5.8754e-02
outputs_000/output_0484  12162  1.45e+41  2.14e-04  2.90e+16  1          2.1434e-01
outputs_000/output_0485  10162  1.01e+41  4.53e-03  1.04e+17  0          1.4803e+00
outputs_000/output_0486   5123  8.56e+41  8.94e-04  1.68e+17  1          1.7973e-01
outputs_000/output_0487   6184  1.63e+41  4.92e-03  1.88e+16  0          1.0194e-02
outputs_000/output_0489   5215  4.71e+40  1.27e-02  6.44e+16  0          2.2701e+00
outputs_000/output_0490  11579  2.89e+41  1.54e-05  1.07e+17  0.5        5.4200e-02
outputs_000/output_0492   6451  7.51e+41  1.01e-03  2.75e+16  1          1.8561e-01
outputs_000/output_0493  11633  8.75e+40  8.88e-05  1.44e+17  0.5        7.1271e-03
outputs_000/output_0494   4179  2.28e+41  3.24e-03  6.29e+16  0.5        1.7958e-01
outputs_000/output_0495  10089  3.15e+41  5.33e-04  1.24e+17  0.5        1.8271e+00
outputs_000/output_0496   7951  4.11e+41  3.96e-04  1.17e+16  0.5        4.6042e-02
outputs_000/output_0497   5148  2.85e+41  4.11e-04  1.87e+17  0.5        1.7788e-01
outputs_000/output_0498   6865  8.02e+41  3.96e-05  7.91e+16  1          6.8434e-01
outputs_000/output_0499  11163  3.42e+41  1.16e-03  1.51e+17  0.5        4.3942e-01
outputs_000/output_0500   8736  2.68e+41  6.52e-04  7.70e+16  0          1.9589e+00
outputs_000/output_0501   4345  1.58e+40  1.96e-02  1.09e+17  0          1.8279e-01
outputs_000/output_0502   6437  4.87e+41  2.26e-02  1.81e+16  1          5.3880e-02
outputs_000/output_0503   5286  1.15e+41  1.51e-04  2.69e+16  0          8.0180e-02
outputs_000/output_0504   4097  6.87e+41  3.29e-02  1.79e+17  0.5        2.0167e-01
outputs_000/output_0505  12827  8.18e+41  3.25e-05  1.66e+17  0          1.0101e-01
outputs_000/output_0506  11184  1.64e+41  3.25e-03  2.21e+16  1          1.4369e-02
outputs_000/output_0507   5658  2.33e+41  6.75e-04  1.26e+17  1          2.2239e+00
outputs_000/output_0508   5265  8.96e+40  2.28e-04  3.86e+16  0.5        4.7870e-01
outputs_000/output_0509   5678  7.71e+41  4.41e-03  1.26e+17  1          1.0692e-02
outputs_000/output_0510   9510  7.13e+41  2.96e-02  1.22e+17  1          3.7233e-02
outputs_000/output_0511   4787  4.84e+40  1.32e-04  1.65e+17  1          1.1690e+00
outputs_000/output_0512  13022  1.33e+41  1.96e-05  8.37e+16  1          7.3304e-01
outputs_000/output_0513  12292  8.50e+41  1.12e-05  1.41e+17  0.5        6.5433e-02
outputs_000/output_0514  10962  3.75e+41  6.33e-04  1.61e+17  1          1.7666e+00
outputs_000/output_0515  13523  9.21e+41  1.18e-04  4.13e+16  0          8.7624e-02
outputs_000/output_0516  12901  7.26e+41  8.22e-04  1.25e+17  1          1.5693e-02
outputs_000/output_0517   6083  6.99e+41  1.16e-02  2.01e+16  1          3.5482e-01
outputs_000/output_0518  12096  2.76e+41  9.02e-05  1.44e+17  1          2.9107e-02
outputs_000/output_0519   4948  8.71e+41  2.19e-05  4.48e+16  1          3.9145e-01
outputs_000/output_0520  11151  6.66e+41  7.47e-02  1.88e+17  1          3.7232e+00
outputs_000/output_0521  11958  7.59e+41  4.90e-04  6.14e+16  0          9.3571e-01
outputs_000/output_0522  13334  6.78e+41  2.79e-03  1.87e+17  0.5        7.4190e-02
outputs_000/output_0523   4403  4.61e+41  1.13e-04  1.25e+17  0.5        1.1495e-01
outputs_000/output_0524  10324  2.46e+41  6.68e-04  1.47e+17  0          2.3394e-01
outputs_000/output_0525   6637  7.31e+41  1.24e-04  1.95e+17  0          1.7127e+00
outputs_000/output_0526  10491  3.40e+41  1.04e-03  7.83e+16  1          1.5486e-01
outputs_000/output_0527   6298  8.24e+41  2.73e-04  1.87e+17  0          4.8786e-01
outputs_000/output_0528  12531  5.65e+41  3.97e-02  5.94e+16  1          1.2365e+00
outputs_000/output_0529   6779  5.78e+41  1.17e-03  1.45e+17  1          2.5478e-02
outputs_000/output_0530  11131  1.71e+41  2.76e-03  1.05e+17  1          3.6992e+00
outputs_000/output_0531   4404  1.04e+41  5.05e-04  8.69e+16  1          5.8480e-02
outputs_000/output_0532   7869  7.75e+41  1.53e-03  2.53e+16  1          4.8826e+00
outputs_000/output_0533   7309  1.10e+41  1.95e-04  1.93e+17  0          7.7846e-02
outputs_000/output_0534   7938  8.23e+41  3.03e-04  7.63e+16  1          9.9059e-01
outputs_000/output_0535  11260  7.80e+40  6.41e-02  1.39e+17  1          2.1543e-02
outputs_000/output_0536  13758  9.84e+39  1.77e-02  5.29e+16  0          8.9731e-02
outputs_000/output_0537   5668  7.92e+41  8.89e-02  1.94e+17  0.5        5.5568e-01
outputs_000/output_0538   5103  4.40e+41  8.15e-05  1.96e+17  0.5        3.4300e-01
outputs_000/output_0540   5269  6.73e+41  5.69e-02  1.60e+17  0          1.8845e-01
outputs_000/output_0541   6668  2.11e+41  9.98e-05  3.25e+16  0.5        5.9620e-01
outputs_000/output_0542   7912  7.23e+41  1.80e-05  6.81e+16  1          1.2190e-02
outputs_000/output_0543  11877  3.63e+41  3.08e-02  5.43e+16  0.5        5.7504e-02
outputs_000/output_0544   6775  3.69e+41  2.60e-05  7.83e+16  0.5        3.2792e-02
outputs_000/output_0545   4352  7.51e+41  9.21e-04  6.67e+16  0.5        2.8201e-01
outputs_000/output_0546  12718  5.10e+41  9.50e-05  3.74e+16  0          1.3378e-02
outputs_000/output_0547   5417  5.49e+41  2.23e-03  1.41e+17  0          5.8590e-01
outputs_000/output_0548  12514  9.56e+41  9.79e-04  4.89e+16  0          1.6851e-02
outputs_000/output_0549   7169  5.99e+41  2.73e-05  1.62e+17  0.5        3.9130e-02
outputs_000/output_0550   6550  2.43e+41  1.12e-05  1.22e+17  0.5        4.1349e+00
outputs_000/output_0551   4263  4.22e+41  6.91e-04  4.41e+16  0          3.5007e-01
outputs_000/output_0552  10158  5.55e+41  3.91e-05  1.29e+17  0          5.3648e-02
outputs_000/output_0553  11103  2.62e+41  1.10e-05  1.20e+16  0          3.8068e+00
outputs_000/output_0554   8467  2.07e+41  8.94e-03  9.85e+16  0          1.5709e+00
outputs_000/output_0555  11231  5.21e+41  6.06e-05  1.95e+17  0          4.9264e-01
outputs_000/output_0556  12252  8.34e+41  5.56e-05  1.33e+17  0.5        2.4934e+00
outputs_000/output_0557   9928  6.86e+41  5.93e-05  1.77e+17  0          4.9361e-01
outputs_000/output_0558  12144  3.29e+41  7.47e-03  9.45e+16  0.5        9.6860e-01
outputs_000/output_0559  12076  2.86e+41  4.19e-04  1.47e+17  1          7.8203e-02
outputs_000/output_0560   4382  9.75e+41  3.57e-02  1.19e+17  0.5        1.0063e-01
outputs_000/output_0561   8506  2.87e+41  1.00e-05  3.84e+16  0          2.1520e-01
outputs_000/output_0562  13086  6.75e+41  3.22e-04  1.38e+17  0.5        3.5753e-01
outputs_000/output_0563   8175  3.27e+40  7.36e-04  1.09e+17  1          8.4984e-02
outputs_000/output_0564  13385  8.08e+41  2.19e-04  1.82e+17  1          2.2918e+00
outputs_000/output_0565   9475  4.11e+40  3.69e-04  9.01e+16  0          8.7019e-02
outputs_000/output_0566   7981  4.99e+41  4.14e-02  1.43e+17  0          4.2784e-02
outputs_000/output_0567   4835  6.03e+41  1.27e-02  6.10e+16  0          4.0299e+00
outputs_000/output_0568  11805  1.67e+41  2.36e-02  8.43e+16  0.5        4.5361e-01
outputs_000/output_0569  13590  3.10e+41  2.72e-03  9.15e+16  1          3.3621e-01
outputs_000/output_0570   4371  4.77e+41  1.72e-05  1.85e+17  1          2.4594e-02
outputs_000/output_0571   5836  8.74e+41  3.06e-03  2.33e+16  1          4.2560e-02
outputs_000/output_0572   5213  6.72e+41  6.00e-05  1.39e+17  1          8.6873e-01
outputs_000/output_0573   6821  8.88e+41  4.09e-04  3.59e+16  0.5        1.6459e-02
outputs_000/output_0574   8820  5.68e+41  5.06e-03  1.45e+17  0.5        2.9192e-01
outputs_000/output_0575  13479  4.30e+41  7.58e-02  1.02e+17  0.5        2.8924e+00
outputs_000/output_0576  13364  4.98e+41  1.89e-05  1.97e+17  0.5        2.0894e-01
outputs_000/output_0577   5767  5.68e+41  7.87e-03  1.64e+17  0.5        3.9813e-02
outputs_000/output_0578  12528  1.20e+41  1.83e-03  1.59e+16  0.5        1.7284e+00
outputs_000/output_0579  11800  6.16e+41  1.80e-05  6.55e+16  0.5        2.7613e-02
outputs_000/output_0580   7108  3.60e+41  1.46e-02  2.61e+16  1          1.7865e-02
outputs_000/output_0581  13039  6.58e+41  2.70e-05  1.18e+17  1          2.8021e-02
outputs_000/output_0582   6200  6.84e+41  6.25e-04  1.87e+17  0.5        8.7386e-02
outputs_000/output_0583  10229  5.95e+41  3.74e-04  6.74e+16  1          8.9129e-01
outputs_000/output_0584   6655  1.84e+40  2.39e-04  8.09e+16  1          1.0662e-01
outputs_000/output_0585   5161  8.94e+41  1.60e-02  1.71e+17  0          1.5738e-01
outputs_000/output_0586   5256  7.08e+41  2.84e-04  9.13e+16  0          3.6748e-02
outputs_000/output_0587   4009  5.00e+41  1.31e-02  1.82e+17  1          2.5916e-02
outputs_000/output_0588   7069  9.02e+41  5.11e-02  3.81e+16  1          4.6370e-01
outputs_000/output_0589  12890  8.13e+41  8.62e-02  1.74e+17  0.5        8.4227e-01
outputs_000/output_0590   7959  7.12e+41  2.84e-04  1.23e+17  0          4.6728e-01
outputs_000/output_0591  10196  3.38e+41  2.24e-02  1.49e+17  1          1.4543e-01
outputs_000/output_0592   7288  3.19e+40  3.59e-05  9.93e+16  1          4.9326e+00
outputs_000/output_0593  12540  7.08e+41  1.93e-05  3.28e+16  0          8.5868e-03
outputs_000/output_0594   9915  6.18e+41  1.39e-02  3.00e+16  0.5        1.9195e+00
outputs_000/output_0595  11696  9.55e+40  5.01e-05  1.20e+17  0.5        6.8397e-03
outputs_000/output_0596  10162  4.69e+41  9.28e-03  5.25e+16  0.5        2.3462e-01
outputs_000/output_0597  13657  7.05e+41  5.54e-04  1.59e+17  0.5        1.4902e-01
outputs_000/output_0598   7668  9.86e+41  1.75e-05  1.51e+17  1          1.2297e+00
outputs_000/output_0599   5315  6.48e+40  2.19e-02  1.58e+17  1          8.4900e-03
outputs_000/output_0600  11569  4.15e+41  5.04e-05  8.75e+16  0.5        1.0753e-02
outputs_000/output_0601   8318  6.31e+41  2.61e-05  3.46e+16  1          5.7645e-02
outputs_000/output_0602   5186  7.35e+41  1.06e-05  1.09e+17  0.5        2.2910e+00
outputs_000/output_0603  12463  7.28e+41  6.16e-03  8.41e+16  1          1.0031e-02
outputs_000/output_0604   6825  4.69e+41  3.56e-04  9.86e+16  0.5        3.3166e-02
outputs_000/output_0605  13116  4.03e+41  2.09e-04  1.11e+17  0.5        6.3066e-03
outputs_000/output_0606  13471  4.06e+41  7.12e-04  3.89e+16  1          3.9523e+00
outputs_000/output_0607  11116  2.91e+41  1.06e-05  7.84e+16  0.5        4.6119e-01
outputs_000/output_0608  10757  1.12e+41  1.42e-02  1.13e+17  0          1.8298e-02
outputs_000/output_0609   9129  2.07e+41  3.27e-02  1.58e+17  0          1.0170e+00
outputs_000/output_0610   5903  7.19e+41  8.50e-03  2.87e+16  1          2.6731e-01
outputs_000/output_0611  12288  6.88e+40  2.64e-04  1.11e+16  0          1.5690e+00
outputs_000/output_0612   9506  5.63e+41  1.99e-03  1.76e+17  0.5        8.8964e-03
outputs_000/output_0613  12275  7.82e+41  4.52e-05  1.39e+17  0          1.9460e-01
outputs_000/output_0614  10703  7.96e+41  1.97e-05  4.37e+16  1          4.9123e+00
outputs_000/output_0615  10388  4.99e+41  1.99e-05  5.92e+16  0.5        8.9353e-02
outputs_000/output_0616   7873  5.74e+39  1.98e-04  1.31e+17  1          1.1559e-01
outputs_000/output_0617   9296  4.74e+41  5.67e-05  1.51e+17  0          2.0640e-02
outputs_000/output_0618  11587  7.85e+41  2.91e-05  1.40e+17  0.5        6.4028e-02
outputs_000/output_0619  10637  7.43e+41  8.54e-03  7.32e+16  0.5        3.0527e-01
outputs_000/output_0620   5479  6.80e+41  2.21e-02  1.25e+17  0.5        7.5484e-01
outputs_000/output_0621  13173  2.54e+41  6.46e-02  5.61e+16  0.5        6.4021e-03
outputs_000/output_0622   8879  7.43e+41  1.95e-04  1.53e+17  0          1.7345e+00
outputs_000/output_0623   6748  7.51e+41  2.40e-02  1.07e+17  1          2.2367e-01
outputs_000/output_0624   7559  5.65e+41  3.05e-03  6.67e+16  1          6.3605e-01
outputs_000/output_0625   6693  6.57e+41  2.98e-03  1.18e+17  1          1.1363e+00
outputs_000/output_0626  10024  7.52e+41  1.56e-04  5.19e+16  1          1.4548e+00
outputs_000/output_0627  12569  6.53e+41  2.38e-04  3.99e+16  1          3.6149e-02
outputs_000/output_0628  12824  2.87e+41  1.14e-02  5.71e+16  1          1.2112e-02
outputs_000/output_0629  10650  1.95e+41  1.41e-04  1.73e+17  0          2.1917e+00
outputs_000/output_0630   6342  7.62e+41  4.59e-05  9.76e+16  1          5.0266e-02
outputs_000/output_0631  12881  8.13e+41  2.47e-04  3.53e+16  1          1.9952e-02
outputs_000/output_0632   4614  4.52e+41  8.05e-02  1.04e+17  1          1.1391e-02
outputs_000/output_0633   8460  5.53e+41  3.10e-02  1.44e+17  1          3.4505e-01
outputs_000/output_0634  10221  2.57e+41  2.48e-03  1.72e+17  1          1.4353e-02
outputs_000/output_0636   6344  5.94e+41  2.83e-02  1.70e+17  0          9.1592e-03
outputs_000/output_0637   6323  5.03e+40  3.11e-05  1.88e+17  0.5        2.9858e+00
outputs_000/output_0638  11853  5.06e+41  1.47e-02  1.18e+17  1          1.2163e-01
outputs_000/output_0639   7544  4.51e+41  3.62e-04  8.35e+16  0.5        1.7499e+00
outputs_000/output_0640  11947  4.62e+41  6.21e-04  5.66e+16  1          1.8075e-02
outputs_000/output_0641   8956  5.25e+41  3.62e-02  1.09e+17  1          4.9932e-02
outputs_000/output_0642  10388  4.85e+40  2.11e-05  8.72e+16  0          4.0542e+00
outputs_000/output_0643  10933  8.12e+41  1.73e-03  5.83e+16  0          1.0027e+00
outputs_000/output_0644   7359  2.81e+41  8.22e-03  8.26e+16  0          1.3446e+00
outputs_000/output_0645   4698  7.51e+41  5.72e-04  5.31e+16  0          3.0296e+00
outputs_000/output_0646   8332  6.23e+41  3.71e-02  6.47e+16  0.5        1.3068e-01
outputs_000/output_0647   6163  6.89e+40  2.81e-02  1.85e+17  1          9.3212e-02
outputs_000/output_0648   8078  3.96e+41  2.96e-04  2.94e+16  0.5        8.1862e-01
outputs_000/output_0649   6230  4.29e+41  3.70e-02  1.08e+17  0.5        3.6503e+00
outputs_000/output_0650   9970  2.56e+41  2.20e-05  6.60e+16  0          8.0219e-02
outputs_000/output_0651  13788  7.95e+41  4.02e-05  1.36e+17  0.5        4.0754e-01
outputs_000/output_0652   5901  7.45e+41  3.39e-03  1.95e+17  0          4.6577e-01
outputs_000/output_0653   4828  6.14e+41  5.29e-03  7.90e+16  1          2.0584e+00
outputs_000/output_0654   8621  3.35e+40  1.69e-02  1.08e+17  0          2.0347e-02
outputs_000/output_0655   6136  8.46e+41  2.83e-05  1.32e+17  1          6.2408e-01
outputs_000/output_0656   8066  8.48e+41  3.75e-03  9.13e+16  1          5.1305e-02
outputs_000/output_0657   5390  8.33e+41  4.14e-04  1.50e+17  0.5        6.2733e-01
outputs_000/output_0658   9949  7.85e+41  6.74e-03  2.74e+16  0.5        7.9773e-02
outputs_000/output_0659  13283  3.87e+41  2.50e-03  9.17e+16  0.5        4.9649e-01
outputs_000/output_0660   6943  9.21e+41  1.78e-03  1.98e+17  0          1.4000e+00
outputs_000/output_0661  10655  8.73e+40  1.85e-03  1.57e+17  1          1.3486e-02
outputs_000/output_0662  11486  2.43e+41  2.23e-02  9.88e+16  0.5        8.4462e-02
outputs_000/output_0663   4475  4.13e+41  2.92e-03  1.41e+17  0.5        1.9247e-02
outputs_000/output_0664  11232  3.56e+41  4.03e-04  2.90e+16  0          5.8750e-01
outputs_000/output_0665   9364  1.93e+41  1.46e-02  7.40e+16  0          6.0793e-01
outputs_000/output_0666   8762  7.74e+41  2.83e-04  7.77e+16  1          4.0170e-01
outputs_000/output_0667   7168  1.02e+41  2.89e-04  1.70e+17  0          1.2609e+00
outputs_000/output_0668   4719  4.10e+41  1.64e-02  1.08e+17  0          7.9174e-03
outputs_000/output_0669   5686  9.94e+41  1.71e-02  6.89e+16  0.5        6.8879e-01
outputs_000/output_0670   8662  9.07e+41  8.11e-05  1.53e+17  0          5.4555e-02
outputs_000/output_0671   5877  8.18e+41  1.32e-04  5.95e+16  0.5        1.0507e-01
outputs_000/output_0672   6754  8.65e+41  2.41e-04  1.26e+17  0.5        4.0448e-02
outputs_000/output_0673   7869  7.81e+41  2.44e-03  8.39e+16  0.5        1.7609e-01
outputs_000/output_0674   5828  9.63e+40  5.14e-02  1.89e+17  0.5        1.9580e-02
outputs_000/output_0675   6104  1.04e+41  1.90e-03  4.47e+16  1          7.6340e-02
outputs_000/output_0676  12741  1.35e+41  4.89e-05  1.06e+17  1          1.6337e+00
outputs_000/output_0677   8329  5.52e+41  4.83e-05  1.08e+17  0.5        4.8774e+00
outputs_000/output_0678  11516  6.13e+41  1.77e-04  1.44e+17  1          1.0139e-02
outputs_000/output_0680   5347  2.44e+41  5.79e-04  1.85e+17  0.5        4.2626e+00
outputs_000/output_0681   9499  8.72e+41  2.29e-05  4.67e+16  0.5        3.6569e-02
outputs_000/output_0682  13250  1.80e+41  1.53e-04  1.38e+17  0          4.1027e-02
outputs_000/output_0683  11104  5.08e+41  5.56e-03  1.29e+17  0          5.1913e-03
outputs_000/output_0684   7031  4.10e+41  1.48e-03  1.15e+16  0          3.0150e+00
outputs_000/output_0685   9148  1.52e+41  3.16e-02  9.67e+16  0          1.3095e+00
outputs_000/output_0686   8803  1.01e+41  2.70e-04  6.38e+16  1          3.3090e-02
outputs_000/output_0687  13060  4.34e+41  4.09e-03  1.66e+17  0          1.0012e-02
outputs_000/output_0688   5511  3.76e+41  2.02e-03  1.42e+17  0          1.6070e-02
outputs_000/output_0689   9485  6.97e+41  4.75e-05  1.29e+17  0          1.4305e-01
outputs_000/output_0690   5612  6.20e+41  5.11e-02  1.62e+17  1          2.2574e-02
outputs_000/output_0691   9689  1.03e+41  8.18e-05  1.48e+17  0.5        1.6517e+00
outputs_000/output_0692   5345  4.32e+41  2.43e-05  1.89e+17  0          6.7996e-02
outputs_000/output_0693   8839  6.04e+40  2.75e-05  5.32e+16  1          1.3576e-02
outputs_000/output_0694  12852  9.34e+41  1.52e-02  4.54e+16  0.5        9.9816e-03
outputs_000/output_0695   6674  7.59e+41  9.38e-02  1.34e+17  0.5        1.9900e-01
outputs_000/output_0696   7957  5.74e+41  1.10e-03  1.46e+17  1          8.6972e-02
outputs_000/output_0697  12772  2.74e+41  7.21e-04  8.99e+16  0          1.0645e-02
outputs_000/output_0698   4492  8.24e+41  2.31e-03  1.31e+17  0.5        2.8227e+00
outputs_000/output_0699  12865  4.13e+41  2.74e-04  1.93e+17  1          5.6526e-01
outputs_000/output_0700   8871  8.99e+41  7.50e-02  1.20e+17  1          1.6754e-02
outputs_000/output_0701   6617  1.40e+41  1.02e-04  4.82e+16  0          2.9083e-01
outputs_000/output_0702   6352  1.26e+41  3.05e-04  1.36e+17  0.5        4.0626e-02
outputs_000/output_0703   5513  1.92e+41  2.72e-05  2.27e+16  0          5.7187e-03
outputs_000/output_0704   4109  4.31e+41  5.57e-05  6.30e+16  0          4.0188e+00
outputs_000/output_0705  12488  4.48e+41  1.09e-04  5.92e+16  1          1.0254e-01
outputs_000/output_0706   5999  2.60e+41  1.54e-05  9.93e+16  0          6.4030e-03
outputs_000/output_0707   7560  2.94e+40  1.29e-03  1.35e+17  1          4.3872e-01
outputs_000/output_0708   8577  5.88e+41  2.99e-05  1.19e+17  0.5        8.3639e-03
outputs_000/output_0709   8949  7.47e+41  7.59e-02  8.84e+16  0.5        1.7103e+00
outputs_000/output_0710   7024  3.11e+41  1.06e-05  2.00e+17  1          1.0013e+00
outputs_000/output_0711  11016  6.75e+41  6.81e-04  1.02e+17  0          8.3437e-01
outputs_000/output_0712  13305  4.54e+41  6.35e-02  1.06e+17  1          2.2965e+00
outputs_000/output_0713  12361  4.88e+41  7.92e-03  8.78e+16  0.5        1.8701e-02
outputs_000/output_0715  12328  1.76e+41  1.37e-04  9.69e+16  0          3.3020e+00
outputs_000/output_0716   4400  3.17e+41  4.35e-05  2.19e+16  1          3.1362e+00
outputs_000/output_0718   9617  8.09e+41  9.41e-04  4.05e+16  0          7.2100e-02
outputs_000/output_0719   9580  3.08e+41  9.41e-02  8.67e+16  0.5        8.7472e-02
outputs_000/output_0720  11335  3.72e+41  8.77e-05  1.00e+17  1          1.9160e-01
outputs_000/output_0721   4335  6.18e+40  5.53e-03  1.67e+17  1          5.6648e-03
outputs_000/output_0722   9454  7.32e+41  3.46e-02  6.56e+16  0.5        2.7351e-02
outputs_000/output_0723  10285  2.04e+41  1.73e-05  3.88e+16  0.5        8.2606e-03
outputs_000/output_0724   9207  6.20e+41  1.21e-02  1.88e+17  1          3.5345e-02
outputs_000/output_0725  12411  6.91e+41  1.75e-04  1.24e+17  0.5        4.4721e+00
outputs_000/output_0726  13354  3.41e+41  4.98e-03  5.23e+16  0          5.0669e-01
outputs_000/output_0727  13332  5.30e+41  5.01e-05  3.73e+16  0.5        1.8630e+00
outputs_000/output_0728   9148  8.62e+41  2.35e-05  1.10e+17  0          7.2703e-01
outputs_000/output_0729  10885  2.52e+41  1.15e-05  1.41e+17  0          2.2074e+00
outputs_000/output_0730  12475  9.61e+41  6.89e-02  1.36e+17  0          4.0396e-01
outputs_000/output_0732  11000  4.23e+41  3.28e-02  1.54e+17  0          5.7055e-03
outputs_000/output_0733  12536  1.89e+41  4.32e-05  1.80e+17  1          1.3426e-01
outputs_000/output_0734   6508  5.91e+41  3.46e-03  1.79e+17  0.5        1.3361e-02
outputs_000/output_0736  10821  3.79e+40  3.62e-04  5.14e+16  0          5.1955e-02
outputs_000/output_0737  10424  8.88e+41  4.85e-02  1.10e+17  1          1.4358e+00
outputs_000/output_0738   9103  1.15e+41  9.53e-04  6.26e+16  0.5        1.1842e-01
outputs_000/output_0739   9317  6.59e+41  9.85e-05  9.38e+16  1          5.2320e-02
outputs_000/output_0740  13126  1.97e+41  3.65e-04  2.30e+16  0.5        1.4846e+00
outputs_000/output_0741   5748  8.53e+41  3.59e-04  7.74e+16  0.5        3.2494e-02
outputs_000/output_0742   8244  8.53e+41  5.49e-03  5.70e+16  0          9.8911e-01
outputs_000/output_0743  11474  5.92e+41  5.52e-05  1.19e+17  0.5        9.9821e-02
outputs_000/output_0744  13700  6.79e+41  7.18e-05  5.45e+16  0.5        5.0283e-01
outputs_000/output_0745   5437  8.30e+41  1.60e-02  1.64e+17  0          1.7823e-01
outputs_000/output_0746   8658  2.99e+40  9.01e-04  1.34e+17  1          2.7989e+00
outputs_000/output_0748   7103  7.42e+41  1.38e-05  9.51e+16  0.5        5.3704e-02
outputs_000/output_0749   4781  8.12e+41  6.28e-02  6.24e+16  0.5        4.2587e-02
outputs_000/output_0750  13324  4.16e+41  1.06e-05  1.91e+17  1          2.4036e+00
outputs_000/output_0751  11624  9.44e+39  2.86e-05  1.90e+17  0.5        4.0857e-02
outputs_000/output_0752  10433  6.32e+41  8.56e-04  8.45e+16  0.5        6.1256e-02
outputs_000/output_0753   5110  7.21e+41  6.13e-02  1.59e+17  0          6.5322e-03
outputs_000/output_0754   6150  2.07e+41  9.19e-02  1.12e+17  1          2.7275e+00
outputs_000/output_0755  12290  8.70e+41  1.40e-02  5.78e+16  0          9.3499e-01
outputs_000/output_0756   9141  6.54e+41  1.49e-05  2.97e+16  0.5        1.9891e-01
outputs_000/output_0757  10480  3.83e+41  1.77e-05  9.04e+16  0.5        1.0911e-02
outputs_000/output_0759   8290  3.75e+40  8.89e-04  7.87e+16  0.5        6.8521e-01
outputs_000/output_0760   5541  4.94e+41  4.08e-04  1.32e+17  1          2.9287e+00
outputs_000/output_0761  12692  6.74e+41  6.34e-02  1.91e+17  0.5        4.2651e+00
outputs_000/output_0762  13076  6.89e+41  2.81e-04  5.19e+16  0.5        1.1318e-01
outputs_000/output_0763   8847  6.51e+41  5.87e-04  6.11e+16  0          4.4608e-02
outputs_000/output_0764   7648  7.93e+40  8.20e-03  1.92e+17  0          2.7688e+00
outputs_000/output_0765   7717  1.45e+41  2.84e-04  1.64e+16  0.5        2.5355e+00
outputs_000/output_0766   8321  3.26e+41  4.29e-04  1.87e+16  1          3.8326e-02
outputs_000/output_0767   4421  5.21e+41  4.49e-05  1.08e+17  0.5        2.9812e-02
outputs_000/output_0768   7378  7.71e+41  1.87e-04  1.98e+17  0.5        1.0326e-01
outputs_000/output_0769   4143  3.58e+41  5.42e-05  1.91e+17  0.5        4.3321e-01
outputs_000/output_0770  13302  8.67e+41  3.20e-02  1.96e+17  0          2.3777e-01
outputs_000/output_0771  10949  5.56e+41  8.81e-05  1.50e+17  0.5        2.2722e+00
outputs_000/output_0772   6336  9.43e+41  1.41e-03  1.78e+17  0          1.7871e-01
outputs_000/output_0773  11794  5.84e+41  9.75e-04  1.86e+17  0          4.4139e+00
outputs_000/output_0774  11942  5.77e+41  1.91e-03  1.85e+17  1          6.0931e-01
outputs_000/output_0775  10206  1.01e+41  3.84e-03  9.54e+16  1          7.0360e-03
outputs_000/output_0776  13549  5.24e+41  2.65e-03  1.74e+17  0          3.6416e-02
outputs_000/output_0777   6990  4.01e+41  8.17e-02  1.89e+17  0          1.2743e-02
outputs_000/output_0778   9590  8.15e+41  3.35e-04  1.85e+16  0          3.8860e-02
outputs_000/output_0779   5216  8.81e+41  2.16e-03  6.79e+16  1          2.1896e-02
outputs_000/output_0780  13292  6.72e+41  1.60e-03  6.33e+16  0.5        6.3801e-02
outputs_000/output_0781   7896  9.60e+41  1.54e-03  3.13e+16  1          1.2733e-01
outputs_000/output_0782  12887  4.62e+41  6.81e-03  1.06e+17  1          9.8654e-01
outputs_000/output_0783   9701  3.06e+41  5.94e-03  1.35e+17  1          7.2208e-02
outputs_000/output_0784  10234  1.67e+41  1.32e-04  1.46e+16  0          7.2054e-03
outputs_000/output_0785  11439  8.57e+41  1.00e-04  1.96e+17  0          1.3614e-01
outputs_000/output_0786   5670  6.74e+41  6.67e-05  5.69e+16  0.5        1.0945e-02
outputs_000/output_0787   7590  6.90e+41  4.82e-02  3.14e+16  0.5        6.9209e-03
outputs_000/output_0788  13386  7.10e+41  9.18e-02  1.01e+17  0.5        2.7765e+00
outputs_000/output_0789  13776  2.28e+41  3.20e-02  1.18e+17  0          1.2810e-02
outputs_000/output_0790   6114  1.15e+41  2.23e-02  1.46e+17  1          2.5874e-01
outputs_000/output_0791  10558  2.65e+41  1.89e-04  1.08e+17  1          3.0112e-01
outputs_000/output_0792   9422  9.21e+41  1.73e-02  6.10e+16  0          1.4835e-02
outputs_000/output_0793   4968  4.96e+41  9.18e-05  1.98e+17  0          1.6975e+00
outputs_000/output_0794  11094  5.08e+41  1.09e-04  1.66e+17  0          4.8602e-01
outputs_000/output_0795  12560  5.15e+41  5.98e-05  2.19e+16  1          1.1158e+00
outputs_000/output_0796  13403  7.33e+41  3.66e-04  1.50e+17  0          7.2019e-03
outputs_000/output_0797  12164  3.91e+40  3.91e-05  1.99e+17  1          6.4674e-01
outputs_000/output_0798   7399  5.00e+41  3.11e-03  1.39e+17  0.5        2.1301e-02
outputs_000/output_0799   4037  5.11e+41  4.94e-03  2.04e+16  1          7.3675e-03
outputs_000/output_0800  10326  7.48e+41  4.49e-03  1.84e+17  1          3.1049e-01
outputs_000/output_0801   6563  9.05e+41  1.00e-05  1.58e+17  0.5        6.4192e-02
outputs_000/output_0802   5816  8.40e+41  1.28e-03  1.32e+17  0.5        3.5761e+00
outputs_000/output_0803  11709  9.02e+41  1.70e-02  1.70e+17  1          6.4268e-02
outputs_000/output_0804   5001  1.16e+41  6.34e-04  1.83e+17  0.5        8.7178e-02
outputs_000/output_0805   6898  7.24e+41  1.28e-02  1.86e+17  1          2.4149e-01
outputs_000/output_0806   4857  4.36e+41  1.44e-04  1.41e+17  1          1.1319e-01
outputs_000/output_0807  11019  1.21e+41  1.83e-04  6.43e+16  0          4.8902e+00
outputs_000/output_0808   7770  6.72e+41  2.49e-04  9.34e+16  1          3.2900e+00
outputs_000/output_0809   8607  3.73e+41  2.41e-03  8.04e+16  0.5        9.6660e-03
outputs_000/output_0810   5986  9.35e+41  1.07e-03  1.90e+17  1          1.4122e-02
outputs_000/output_0811   9065  5.77e+41  1.51e-02  1.27e+17  1          7.7802e-01
outputs_000/output_0812   4120  6.01e+41  1.05e-02  1.99e+17  0.5        1.9199e+00
outputs_000/output_0814   9257  9.34e+40  3.79e-04  1.48e+17  1          6.5396e-02
outputs_000/output_0815  10642  9.10e+40  4.87e-04  1.69e+17  0.5        5.2321e-02
outputs_000/output_0816  13734  6.10e+40  6.86e-02  9.86e+16  0          2.0787e-02
outputs_000/output_0817   9405  3.97e+41  4.12e-05  1.41e+17  0.5        7.8531e-01
outputs_000/output_0819  10975  3.09e+40  4.85e-05  1.48e+17  1          5.2948e-03
outputs_000/output_0820  10604  6.25e+40  2.19e-04  4.23e+16  0.5        1.0020e-02
outputs_000/output_0821   8178  1.56e+41  2.96e-04  1.34e+17  1          3.7501e+00
outputs_000/output_0822  10254  9.79e+41  2.26e-03  1.03e+17  0.5        4.2819e-01
outputs_000/output_0823  13505  7.42e+41  1.71e-04  1.97e+17  1          7.8571e-03
outputs_000/output_0824   4897  6.25e+41  3.19e-02  8.71e+16  0          1.1152e-01
outputs_000/output_0825  10072  5.92e+40  7.61e-02  1.68e+17  0.5        2.1702e-01
outputs_000/output_0826   7890  1.35e+40  2.00e-05  1.20e+17  0          1.3398e-01
outputs_000/output_0827   8053  8.31e+41  2.38e-03  1.13e+17  0.5        3.0030e+00
outputs_000/output_0828   7418  5.91e+41  4.45e-05  1.90e+17  1          6.0313e-01
outputs_000/output_0829  13077  8.12e+40  6.44e-04  8.81e+16  1          3.9732e-01
outputs_000/output_0830   8847  7.44e+41  4.78e-05  1.31e+17  1          7.8478e-01
outputs_000/output_0831   9267  8.73e+41  2.40e-05  1.78e+17  1          7.7553e-03
outputs_000/output_0832   9835  2.61e+41  9.56e-05  1.95e+17  0.5        7.3715e-02
outputs_000/output_0833  12829  9.48e+41  5.56e-03  7.81e+16  0          9.5759e-01
outputs_000/output_0834  13020  7.29e+41  5.13e-05  1.09e+17  1          4.0067e-02
outputs_000/output_0835  10700  6.55e+40  5.73e-02  5.37e+16  0          2.8872e-01
outputs_000/output_0836   7274  2.35e+41  1.70e-04  1.07e+16  0          4.9251e-02
outputs_000/output_0837   5676  6.90e+41  2.69e-05  1.21e+17  0.5        1.5734e+00
outputs_000/output_0838  12897  5.63e+41  3.24e-02  1.71e+17  0          1.8736e-01
outputs_000/output_0839   9885  6.30e+41  2.84e-05  9.39e+16  0.5        3.7388e+00
outputs_000/output_0840   4781  8.88e+41  1.12e-04  4.87e+16  0          1.1879e+00
outputs_000/output_0841  10695  8.26e+41  1.49e-04  1.43e+17  0          3.8138e-02
outputs_000/output_0842  10322  3.48e+41  4.67e-05  1.11e+16  0.5        3.7027e-01
outputs_000/output_0843  12398  5.01e+41  7.80e-02  1.43e+17  0.5        1.3569e+00
outputs_000/output_0844   6734  7.43e+41  1.22e-05  7.99e+16  0          8.3994e-03
outputs_000/output_0845  10093  2.09e+41  2.27e-04  1.84e+17  1          2.1476e+00
outputs_000/output_0846  11115  3.57e+41  3.54e-04  1.13e+17  0          2.4986e-02
outputs_000/output_0847   5096  8.64e+41  4.46e-04  2.46e+16  0          2.8787e-02
outputs_000/output_0848   6825  9.83e+41  6.05e-04  7.60e+16  1          1.8051e-02
outputs_000/output_0849  10108  3.00e+40  6.76e-03  7.12e+16  0.5        4.8443e+00
outputs_000/output_0850   8541  9.64e+41  9.86e-05  3.65e+16  0          3.2108e-01
outputs_000/output_0851   7081  5.15e+41  8.60e-03  1.89e+17  1          9.0390e-02
outputs_000/output_0852   4882  7.62e+41  4.16e-05  1.10e+17  0.5        1.5924e+00
outputs_000/output_0853   6855  7.87e+41  6.56e-03  4.67e+16  1          3.3931e-02
outputs_000/output_0854   4377  2.06e+41  6.69e-05  5.22e+16  0.5        5.3108e-03
outputs_000/output_0855  13698  1.11e+41  1.88e-04  8.65e+16  1          3.6318e-01
outputs_000/output_0856   4588  5.27e+41  2.87e-03  6.17e+16  0.5        9.2115e-03
outputs_000/output_0857  12507  5.24e+41  2.42e-03  2.18e+16  0.5        7.0203e-01
outputs_000/output_0858   6216  5.63e+41  1.82e-03  1.40e+17  0          9.0551e-01
outputs_000/output_0859   6767  4.99e+41  2.14e-03  9.52e+16  1          6.7302e-02
outputs_000/output_0860   9126  3.47e+41  2.13e-04  1.39e+17  0.5        7.9566e-01
outputs_000/output_0861  12506  9.06e+41  6.41e-02  6.73e+16  0.5        1.9444e-01
outputs_000/output_0862   8625  1.36e+41  7.78e-02  9.59e+16  1          2.1453e+00
outputs_000/output_0863  10536  1.72e+41  1.52e-02  1.96e+17  1          1.3624e-01
outputs_000/output_0864   8393  3.49e+41  8.31e-04  1.32e+17  0          4.4699e-01
outputs_000/output_0865  12178  4.10e+41  1.74e-05  1.09e+17  1          3.0656e-01
outputs_000/output_0866   7766  3.18e+41  1.31e-03  1.40e+17  0          8.3442e-02
outputs_000/output_0867   5859  9.61e+41  1.42e-03  3.24e+16  1          1.2651e-02
outputs_000/output_0868  12337  1.75e+41  1.29e-03  1.12e+17  0.5        1.2626e-01
outputs_000/output_0870  10110  8.11e+41  2.48e-05  9.57e+16  0.5        3.0223e-01
outputs_000/output_0873  11470  6.41e+41  7.27e-03  1.47e+17  0.5        2.9667e-02
outputs_000/output_0874   8981  4.70e+41  6.09e-05  1.48e+17  0.5        2.5596e-01
outputs_000/output_0875   7878  5.24e+41  7.30e-02  1.28e+17  0.5        8.0622e-03
outputs_000/output_0876   6349  1.56e+41  1.26e-02  1.45e+17  1          1.1053e+00
outputs_000/output_0877   5750  9.78e+41  2.40e-05  1.11e+16  0.5        3.1781e-01
outputs_000/output_0878   7148  2.27e+40  1.53e-03  7.98e+16  1          1.3977e-01
outputs_000/output_0879   8110  9.64e+41  8.41e-02  1.90e+17  0          3.8129e-01
outputs_000/output_0881   7165  8.06e+41  2.33e-04  9.26e+16  0          1.6651e+00
outputs_000/output_0882   5216  6.07e+41  2.37e-04  9.73e+16  0.5        1.6064e+00
outputs_000/output_0883   9498  7.39e+41  1.55e-03  8.35e+16  0          5.8623e-03
outputs_000/output_0884   7935  2.30e+41  1.08e-05  8.73e+16  0          2.8192e+00
outputs_000/output_0885   5829  2.14e+41  4.81e-05  1.48e+17  0          4.7433e-02
outputs_000/output_0886  11421  5.82e+41  2.05e-04  6.97e+16  1          4.4046e+00
outputs_000/output_0887  10916  2.85e+41  7.08e-05  8.12e+16  1          1.1348e-01
outputs_000/output_0888  13725  7.09e+41  8.73e-03  1.69e+17  0          1.4790e-01
outputs_000/output_0889   5046  3.80e+41  1.86e-03  9.13e+16  0.5        1.4952e+00
outputs_000/output_0890  13177  3.05e+41  4.70e-04  1.82e+17  0.5        4.0668e+00
outputs_000/output_0891   5251  5.55e+41  1.81e-02  1.40e+17  0.5        5.0814e-03
outputs_000/output_0892   7374  6.63e+41  5.03e-05  1.41e+17  0          4.1329e-01
outputs_000/output_0893  12093  1.95e+41  4.66e-05  8.00e+16  0.5        1.4891e-02
outputs_000/output_0894   7217  2.87e+41  1.14e-03  1.85e+17  1          2.2036e-02
outputs_000/output_0895   7322  1.31e+41  3.75e-04  1.88e+17  1          3.5056e+00
outputs_000/output_0896   5520  8.01e+41  2.93e-02  1.94e+17  0          1.2963e-01
outputs_000/output_0897   9334  5.04e+41  7.80e-03  1.00e+17  1          3.6862e+00
outputs_000/output_0898  11936  8.14e+41  1.50e-03  1.99e+17  0          2.5186e+00
outputs_000/output_0899   9557  4.28e+40  7.87e-03  2.74e+16  0.5        3.5637e-02
outputs_000/output_0900   9004  1.41e+41  3.26e-02  3.22e+16  1          7.4691e-01
outputs_000/output_0901   8015  5.45e+41  1.31e-04  1.93e+16  1          2.7591e+00
outputs_000/output_0902  12233  2.27e+41  2.44e-03  9.98e+16  1          4.2203e-01
outputs_000/output_0903  11603  4.95e+40  6.10e-03  7.87e+16  1          4.4178e-01
outputs_000/output_0904   5404  2.13e+41  2.97e-04  1.26e+17  1          2.3235e+00
outputs_000/output_0905   5382  6.50e+41  3.54e-02  3.72e+16  0.5        8.0824e-02
outputs_000/output_0906   4085  8.13e+41  1.16e-04  1.62e+17  0          8.4104e-01
outputs_000/output_0907   6552  8.43e+41  6.14e-04  1.37e+16  1          1.1483e+00
outputs_000/output_0908  10274  7.73e+41  2.05e-03  2.00e+16  0          1.2772e-02
outputs_000/output_0909   9992  6.62e+41  5.46e-04  4.34e+16  0.5        1.1449e-02
outputs_000/output_0910   8990  2.85e+41  2.26e-03  1.08e+17  0.5        1.9494e-02
outputs_000/output_0911   6683  5.87e+41  8.70e-04  3.51e+16  0          6.8268e-01
outputs_000/output_0912   9405  7.07e+41  1.00e-03  1.95e+17  0.5        4.9158e-02
outputs_000/output_0913   5297  2.73e+41  7.38e-05  8.28e+16  0          2.8437e-02
outputs_000/output_0914   4138  7.10e+41  1.97e-05  1.86e+17  0          1.3417e+00
outputs_000/output_0915   8744  5.22e+41  8.04e-04  8.20e+16  0          5.6548e-01
outputs_000/output_0916  11834  3.43e+41  3.89e-05  1.23e+17  1          1.0419e+00
outputs_000/output_0917  11469  5.49e+41  5.15e-05  1.38e+16  1          1.8754e+00
outputs_000/output_0918  13360  2.75e+41  1.98e-05  1.37e+17  1          2.5907e-02
outputs_000/output_0919  13358  7.37e+41  5.11e-05  5.57e+16  0          8.5673e-03
outputs_000/output_0920   5361  5.54e+41  7.19e-03  1.66e+17  1          3.1351e-01
outputs_000/output_0921   8107  3.86e+41  1.35e-05  1.35e+17  1          1.5814e-01
outputs_000/output_0922  11314  7.37e+39  2.72e-02  1.76e+17  0          2.1099e-01
outputs_000/output_0923   7584  1.53e+40  9.32e-05  6.75e+16  0.5        1.0469e-01
outputs_000/output_0924   6720  9.34e+41  5.06e-05  2.15e+16  1          1.5530e-01
outputs_000/output_0925   8319  7.59e+41  1.70e-04  6.94e+16  0          5.3876e-03
outputs_000/output_0926   4843  8.29e+40  3.56e-02  1.93e+17  0          6.8342e-01
outputs_000/output_0927  12187  8.71e+41  1.02e-05  6.00e+16  0          2.3211e+00
outputs_000/output_0928   6829  4.25e+41  8.44e-03  1.99e+17  0.5        5.3485e-03
outputs_000/output_0929  10634  6.71e+39  1.92e-03  1.77e+17  1          8.6464e-03
outputs_000/output_0930  12814  5.00e+40  1.93e-03  1.21e+17  1          3.5573e-01
outputs_000/output_0931   5804  8.93e+41  9.95e-05  1.14e+17  1          2.9451e+00
outputs_000/output_0932   8127  7.76e+41  6.53e-05  1.22e+17  0.5        1.0347e-02
outputs_000/output_0933  11333  5.86e+41  1.72e-04  1.73e+17  1          1.1317e-01
outputs_000/output_0934   9814  5.33e+41  5.67e-05  1.36e+17  1          3.5560e-02
outputs_000/output_0935  12476  5.68e+41  1.63e-04  4.54e+16  1          2.3995e-02
outputs_000/output_0936   4436  2.59e+41  1.64e-03  3.98e+16  0          4.5100e-01
outputs_000/output_0937   9219  1.25e+41  3.82e-04  9.30e+16  1          2.1965e-01
outputs_000/output_0938   7793  9.20e+41  2.65e-03  1.95e+17  1          1.6281e-01
outputs_000/output_0939   9262  5.64e+41  6.01e-05  6.27e+16  0.5        8.7775e-03
outputs_000/output_0940  13338  5.06e+41  3.67e-03  4.05e+16  0          1.0788e-01
outputs_000/output_0941  13189  5.01e+41  7.75e-04  4.87e+16  0.5        2.8524e-02
outputs_000/output_0942   4655  2.02e+41  1.79e-04  1.44e+17  1          6.9537e-03
outputs_000/output_0943   9971  3.82e+41  4.80e-04  1.49e+17  0          3.8728e+00
outputs_000/output_0944  10683  9.38e+40  5.85e-04  1.72e+17  1          9.4331e-01
outputs_000/output_0945  12372  5.07e+41  6.52e-02  1.43e+17  0          8.9150e-02
outputs_000/output_0946   8209  1.82e+41  1.35e-02  9.99e+16  0          1.3996e+00
outputs_000/output_0947   7567  3.82e+41  4.88e-05  1.43e+17  0          1.9728e-02
outputs_000/output_0948   9945  5.44e+41  2.09e-03  1.90e+17  1          1.4747e+00
outputs_000/output_0950  13633  7.60e+41  3.06e-03  4.10e+16  0          8.9926e-03
outputs_000/output_0951  11375  1.15e+40  2.15e-02  1.85e+17  0          3.2910e-02
outputs_000/output_0952  10869  1.57e+41  3.16e-05  1.95e+17  0          7.1253e-03
outputs_000/output_0953   7968  2.37e+41  1.89e-02  1.02e+17  0          5.3712e-01
outputs_000/output_0954   9200  5.08e+41  6.86e-03  1.89e+17  0.5        1.1742e-01
outputs_000/output_0955  13113  1.87e+41  3.37e-02  1.85e+16  1          3.2752e-02
outputs_000/output_0956   7227  7.73e+41  2.28e-05  7.28e+16  0.5        1.2168e-02
outputs_000/output_0957   9712  2.26e+41  1.81e-05  1.29e+17  0          6.1725e-02
outputs_000/output_0958  11425  5.94e+41  3.82e-04  1.15e+17  0.5        2.7903e-01
outputs_000/output_0959  12832  5.44e+41  2.36e-04  3.55e+16  0          9.0792e-03
outputs_000/output_0960   4483  4.79e+41  3.63e-05  1.11e+17  1          3.3528e-01
outputs_000/output_0961   6042  3.70e+41  1.29e-05  1.62e+17  1          9.5333e-03
outputs_000/output_0962  13180  5.87e+41  9.17e-05  1.93e+17  0          5.6605e-01
outputs_000/output_0964  10160  9.79e+40  4.19e-05  1.94e+17  1          4.8978e-01
outputs_000/output_0965   6124  3.04e+41  4.21e-03  3.23e+16  0.5        9.5478e-02
outputs_000/output_0966  13246  7.59e+41  1.87e-05  1.90e+17  1          1.2646e+00
outputs_000/output_0967   4028  3.62e+40  2.77e-04  1.11e+17  0          3.3776e+00
outputs_000/output_0968   5992  6.64e+41  4.67e-02  1.21e+17  1          3.5715e-02
outputs_000/output_0969  10209  7.86e+41  1.21e-04  6.44e+16  0.5        5.5091e-02
outputs_000/output_0970   4238  9.93e+41  1.34e-03  1.82e+17  0.5        5.9186e-03
outputs_000/output_0971  12741  2.55e+41  4.86e-03  1.95e+17  0          3.0631e-01
outputs_000/output_0972   8592  2.16e+40  8.19e-04  1.88e+17  1          3.8696e-02
outputs_000/output_0973  10127  5.31e+41  1.12e-03  4.50e+16  0.5        1.9606e-02
outputs_000/output_0974  12110  2.18e+41  7.34e-04  1.17e+17  0          1.0111e-01
outputs_000/output_0975   7426  8.95e+40  3.85e-04  1.03e+17  0          4.7268e+00
outputs_000/output_0976   8387  8.28e+41  3.77e-05  1.75e+17  1          4.9932e+00
outputs_000/output_0977   4504  4.65e+41  1.43e-05  6.38e+16  0.5        1.3260e-02
outputs_000/output_0978  12157  9.18e+41  4.79e-04  1.01e+17  0          4.5802e-02
outputs_000/output_0979   6108  6.70e+41  5.10e-03  1.66e+17  0          3.6344e-01
outputs_000/output_0980  13673  4.87e+41  1.26e-03  1.03e+17  0          6.3549e-01
outputs_000/output_0982   7715  7.55e+39  1.21e-05  1.54e+17  1          1.0518e-01
outputs_000/output_0983   8077  6.94e+40  2.50e-04  1.19e+17  0.5        5.9503e-02
outputs_000/output_0984  10241  3.50e+41  4.54e-02  1.40e+17  1          3.9493e+00
outputs_000/output_0985   8862  3.72e+41  1.30e-03  1.62e+17  1          1.3226e-01
outputs_000/output_0986   9505  8.55e+41  4.16e-02  5.34e+16  0.5        2.5175e-02
outputs_000/output_0987   9578  3.44e+41  8.40e-05  1.53e+17  0          5.2023e-03
outputs_000/output_0988   6073  4.08e+41  1.35e-04  1.76e+16  0.5        1.3400e-02
outputs_000/output_0989   8282  4.59e+41  6.96e-04  2.03e+16  0          4.2788e+00
outputs_000/output_0990   5515  8.56e+41  2.28e-02  1.66e+17  0          2.7943e-01
outputs_000/output_0991   9558  2.55e+41  3.39e-04  3.17e+16  0          2.8971e-02
outputs_000/output_0992  10099  5.60e+41  6.03e-04  1.75e+17  1          8.0692e-03
outputs_000/output_0993  11148  4.57e+41  3.31e-03  3.85e+16  0          2.0125e-01
outputs_000/output_0994  10677  5.92e+41  6.13e-05  1.00e+17  0.5        7.5638e-02
outputs_000/output_0995  12419  9.96e+41  5.09e-02  4.98e+16  1          3.7895e+00
outputs_000/output_0996   4648  2.30e+41  1.35e-04  1.62e+17  0          2.6923e-01
outputs_000/output_0997  11299  8.94e+41  5.61e-03  1.96e+17  0.5        1.2890e+00
outputs_000/output_0998   8416  3.20e+41  1.49e-04  1.04e+17  1          7.1278e-01
outputs_000/output_0999  10342  9.26e+41  2.07e-02  6.13e+16  0          6.3397e-02
